global step 	 epoch 	 step-time 	perplexity 	 last_accuracy_AA 	 last_accuracy_peptide 	valid_bucket_id 	 perplexity 	 accuracy_AA 	 accuracy_peptide 
100 	 0.0 	 0.75 	 8.0318 	 0.7697 	 0.0781 	0 	 3.4077 	 0.8675 	 0.3808 	1 	 3.6081 	 0.7883 	 0.1217 	2 	 4.6796 	 0.7056 	 0.0176 	
200 	 0.1 	 0.70 	 3.1581 	 0.8559 	 0.2344 	0 	 2.3729 	 0.9255 	 0.6263 	1 	 2.6204 	 0.8816 	 0.3525 	2 	 3.4482 	 0.7972 	 0.0768 	
300 	 0.1 	 0.72 	 2.5716 	 0.7760 	 0.0859 	0 	 2.1917 	 0.9384 	 0.6627 	1 	 2.3276 	 0.8994 	 0.4129 	2 	 2.9722 	 0.8372 	 0.1322 	
400 	 0.1 	 0.73 	 2.4017 	 0.9073 	 0.3984 	0 	 2.0678 	 0.9443 	 0.6878 	1 	 2.1808 	 0.9099 	 0.4647 	2 	 2.7953 	 0.8513 	 0.1634 	
500 	 0.2 	 0.73 	 2.2681 	 0.9104 	 0.4062 	0 	 2.0013 	 0.9467 	 0.6953 	1 	 2.1262 	 0.9147 	 0.4754 	2 	 2.7696 	 0.8527 	 0.1680 	
600 	 0.2 	 0.72 	 2.1493 	 0.9483 	 0.7500 	0 	 1.9242 	 0.9532 	 0.7361 	1 	 2.0633 	 0.9185 	 0.5067 	2 	 2.7218 	 0.8561 	 0.1706 	
700 	 0.3 	 0.72 	 2.0732 	 0.9262 	 0.4844 	0 	 1.8566 	 0.9573 	 0.7522 	1 	 2.0196 	 0.9229 	 0.5176 	2 	 2.6973 	 0.8580 	 0.1758 	
800 	 0.3 	 0.72 	 2.0050 	 0.9275 	 0.5312 	0 	 1.8268 	 0.9596 	 0.7646 	1 	 1.9737 	 0.9252 	 0.5228 	2 	 2.5422 	 0.8651 	 0.2194 	
900 	 0.3 	 0.72 	 1.9522 	 0.9770 	 0.8594 	0 	 1.7812 	 0.9613 	 0.7751 	1 	 1.9362 	 0.9297 	 0.5458 	2 	 2.5003 	 0.8702 	 0.2546 	
1000 	 0.4 	 0.72 	 1.8985 	 0.9743 	 0.8203 	0 	 1.7514 	 0.9660 	 0.7999 	1 	 1.9062 	 0.9332 	 0.5689 	2 	 2.4423 	 0.8731 	 0.2428 	
1100 	 0.4 	 0.73 	 1.8731 	 0.9521 	 0.6484 	0 	 1.7407 	 0.9645 	 0.7875 	1 	 1.8612 	 0.9339 	 0.5594 	2 	 2.3403 	 0.8736 	 0.2441 	
1200 	 0.4 	 0.72 	 1.8041 	 0.9577 	 0.7578 	0 	 1.6992 	 0.9687 	 0.8163 	1 	 1.8286 	 0.9365 	 0.5737 	2 	 2.3108 	 0.8785 	 0.2637 	
1300 	 0.5 	 0.72 	 1.7814 	 0.9354 	 0.5234 	0 	 1.6662 	 0.9674 	 0.8013 	1 	 1.7868 	 0.9404 	 0.5980 	2 	 2.2460 	 0.8864 	 0.3001 	
1400 	 0.5 	 0.72 	 1.7306 	 0.9559 	 0.6406 	0 	 1.6430 	 0.9679 	 0.8077 	1 	 1.7495 	 0.9404 	 0.6039 	2 	 2.2062 	 0.8829 	 0.2832 	
1500 	 0.5 	 0.73 	 1.7160 	 0.9394 	 0.6328 	0 	 1.6438 	 0.9699 	 0.8186 	1 	 1.7230 	 0.9447 	 0.6225 	2 	 2.1357 	 0.8895 	 0.2988 	
1600 	 0.6 	 0.72 	 1.6697 	 0.9660 	 0.8125 	0 	 1.6405 	 0.9696 	 0.8137 	1 	 1.6984 	 0.9457 	 0.6309 	2 	 2.0975 	 0.8914 	 0.3171 	
1700 	 0.6 	 0.72 	 1.6431 	 0.9824 	 0.8828 	0 	 1.5935 	 0.9730 	 0.8347 	1 	 1.6800 	 0.9470 	 0.6393 	2 	 2.0735 	 0.8937 	 0.2910 	
1800 	 0.7 	 0.73 	 1.6573 	 0.9583 	 0.7266 	0 	 1.5811 	 0.9729 	 0.8355 	1 	 1.6608 	 0.9468 	 0.6416 	2 	 2.0004 	 0.8977 	 0.3040 	
1900 	 0.7 	 0.72 	 1.6003 	 0.9435 	 0.5859 	0 	 1.5739 	 0.9732 	 0.8317 	1 	 1.6383 	 0.9487 	 0.6534 	2 	 2.0102 	 0.8995 	 0.3171 	
2000 	 0.7 	 0.72 	 1.5983 	 0.9185 	 0.3672 	0 	 1.5380 	 0.9726 	 0.8302 	1 	 1.6103 	 0.9512 	 0.6709 	2 	 1.9528 	 0.9053 	 0.3327 	
2100 	 0.8 	 0.73 	 1.6009 	 0.9760 	 0.8516 	0 	 1.5320 	 0.9732 	 0.8347 	1 	 1.6013 	 0.9520 	 0.6764 	2 	 1.9194 	 0.9087 	 0.3359 	
2200 	 0.8 	 0.73 	 1.5679 	 0.9878 	 0.8984 	0 	 1.5201 	 0.9737 	 0.8385 	1 	 1.5710 	 0.9528 	 0.6843 	2 	 1.8867 	 0.9083 	 0.3223 	
2300 	 0.8 	 0.72 	 1.5615 	 0.9498 	 0.6562 	0 	 1.5053 	 0.9746 	 0.8366 	1 	 1.5659 	 0.9541 	 0.6836 	2 	 1.8684 	 0.9108 	 0.3841 	
2400 	 0.9 	 0.72 	 1.5510 	 0.9667 	 0.7188 	0 	 1.5262 	 0.9736 	 0.8332 	1 	 1.5434 	 0.9543 	 0.6900 	2 	 1.8602 	 0.9080 	 0.3542 	
2500 	 0.9 	 0.72 	 1.5290 	 0.9868 	 0.9141 	0 	 1.5321 	 0.9732 	 0.8257 	1 	 1.5411 	 0.9552 	 0.6875 	2 	 1.8301 	 0.9130 	 0.3743 	
2600 	 0.9 	 0.72 	 1.5089 	 0.9563 	 0.7266 	0 	 1.5091 	 0.9747 	 0.8385 	1 	 1.5280 	 0.9551 	 0.7013 	2 	 1.8196 	 0.9122 	 0.3750 	
2700 	 1.0 	 0.73 	 1.4870 	 0.9528 	 0.7109 	0 	 1.4989 	 0.9746 	 0.8336 	1 	 1.5172 	 0.9568 	 0.7070 	2 	 1.8228 	 0.9141 	 0.3717 	
2800 	 1.0 	 0.73 	 1.4931 	 0.9848 	 0.9062 	0 	 1.5043 	 0.9759 	 0.8463 	1 	 1.5066 	 0.9580 	 0.7161 	2 	 1.8056 	 0.9144 	 0.3717 	
2900 	 1.1 	 0.72 	 1.4802 	 0.9717 	 0.7734 	0 	 1.4878 	 0.9769 	 0.8527 	1 	 1.4948 	 0.9585 	 0.7152 	2 	 1.7890 	 0.9167 	 0.3809 	
3000 	 1.1 	 0.72 	 1.4642 	 0.9230 	 0.5078 	0 	 1.4856 	 0.9784 	 0.8632 	1 	 1.4908 	 0.9596 	 0.7261 	2 	 1.7862 	 0.9169 	 0.3965 	
3100 	 1.1 	 0.72 	 1.4728 	 0.9568 	 0.7109 	0 	 1.4769 	 0.9769 	 0.8531 	1 	 1.4819 	 0.9597 	 0.7315 	2 	 1.7700 	 0.9202 	 0.3919 	
3200 	 1.2 	 0.72 	 1.4605 	 0.9681 	 0.7188 	0 	 1.4660 	 0.9780 	 0.8613 	1 	 1.4795 	 0.9593 	 0.7256 	2 	 1.7525 	 0.9189 	 0.4193 	
3300 	 1.2 	 0.73 	 1.4514 	 0.9345 	 0.5312 	0 	 1.4595 	 0.9776 	 0.8564 	1 	 1.4758 	 0.9609 	 0.7352 	2 	 1.7540 	 0.9189 	 0.3945 	
3400 	 1.2 	 0.73 	 1.4615 	 0.9453 	 0.5312 	0 	 1.4487 	 0.9764 	 0.8452 	1 	 1.4615 	 0.9616 	 0.7381 	2 	 1.7299 	 0.9207 	 0.3887 	
3500 	 1.3 	 0.73 	 1.4301 	 0.9490 	 0.5547 	0 	 1.4456 	 0.9790 	 0.8669 	1 	 1.4578 	 0.9624 	 0.7386 	2 	 1.7209 	 0.9226 	 0.4180 	
3600 	 1.3 	 0.72 	 1.4225 	 0.9877 	 0.9297 	0 	 1.4618 	 0.9773 	 0.8527 	1 	 1.4593 	 0.9621 	 0.7377 	2 	 1.7247 	 0.9209 	 0.4010 	
3700 	 1.4 	 0.73 	 1.4174 	 0.9700 	 0.7656 	0 	 1.4378 	 0.9797 	 0.8752 	1 	 1.4497 	 0.9625 	 0.7449 	2 	 1.7106 	 0.9242 	 0.4551 	
3800 	 1.4 	 0.72 	 1.4163 	 0.9520 	 0.5859 	0 	 1.4285 	 0.9784 	 0.8639 	1 	 1.4473 	 0.9623 	 0.7406 	2 	 1.7174 	 0.9232 	 0.4167 	
3900 	 1.4 	 0.73 	 1.4069 	 0.9703 	 0.7969 	0 	 1.4327 	 0.9790 	 0.8647 	1 	 1.4352 	 0.9635 	 0.7490 	2 	 1.6863 	 0.9238 	 0.4154 	
4000 	 1.5 	 0.72 	 1.4144 	 0.9810 	 0.8750 	0 	 1.4302 	 0.9800 	 0.8733 	1 	 1.4365 	 0.9646 	 0.7518 	2 	 1.6741 	 0.9264 	 0.4310 	
4100 	 1.5 	 0.72 	 1.4135 	 0.9667 	 0.7500 	0 	 1.4179 	 0.9801 	 0.8763 	1 	 1.4282 	 0.9650 	 0.7547 	2 	 1.6882 	 0.9243 	 0.4193 	
4200 	 1.5 	 0.72 	 1.3927 	 0.9702 	 0.7656 	0 	 1.4274 	 0.9782 	 0.8651 	1 	 1.4277 	 0.9639 	 0.7481 	2 	 1.6809 	 0.9246 	 0.4271 	
4300 	 1.6 	 0.72 	 1.3751 	 0.9603 	 0.8047 	0 	 1.4340 	 0.9788 	 0.8602 	1 	 1.4203 	 0.9647 	 0.7570 	2 	 1.6711 	 0.9262 	 0.4199 	
4400 	 1.6 	 0.73 	 1.4061 	 0.9783 	 0.8594 	0 	 1.4275 	 0.9803 	 0.8763 	1 	 1.4214 	 0.9657 	 0.7649 	2 	 1.6740 	 0.9240 	 0.4258 	
4500 	 1.6 	 0.73 	 1.3921 	 0.9769 	 0.8203 	0 	 1.4171 	 0.9798 	 0.8733 	1 	 1.4184 	 0.9656 	 0.7572 	2 	 1.6713 	 0.9275 	 0.4525 	
4600 	 1.7 	 0.71 	 1.3699 	 0.9806 	 0.8281 	0 	 1.4056 	 0.9791 	 0.8662 	1 	 1.4067 	 0.9664 	 0.7679 	2 	 1.6773 	 0.9256 	 0.4134 	
4700 	 1.7 	 0.73 	 1.3781 	 0.9687 	 0.7969 	0 	 1.4207 	 0.9793 	 0.8681 	1 	 1.4072 	 0.9674 	 0.7749 	2 	 1.6582 	 0.9278 	 0.4421 	
4800 	 1.8 	 0.73 	 1.3732 	 0.9756 	 0.8203 	0 	 1.4170 	 0.9811 	 0.8834 	1 	 1.4005 	 0.9665 	 0.7663 	2 	 1.6549 	 0.9266 	 0.4440 	
4900 	 1.8 	 0.72 	 1.3648 	 0.9695 	 0.8125 	0 	 1.4142 	 0.9821 	 0.8898 	1 	 1.3954 	 0.9680 	 0.7729 	2 	 1.6478 	 0.9279 	 0.4531 	
5000 	 1.8 	 0.73 	 1.3814 	 0.9712 	 0.7656 	0 	 1.4117 	 0.9820 	 0.8898 	1 	 1.4092 	 0.9668 	 0.7658 	2 	 1.6490 	 0.9291 	 0.4635 	
5100 	 1.9 	 0.73 	 1.3678 	 0.9792 	 0.8359 	0 	 1.3962 	 0.9831 	 0.8951 	1 	 1.3926 	 0.9682 	 0.7761 	2 	 1.6369 	 0.9308 	 0.4746 	
5200 	 1.9 	 0.72 	 1.3588 	 0.9819 	 0.8359 	0 	 1.4123 	 0.9819 	 0.8872 	1 	 1.3872 	 0.9672 	 0.7715 	2 	 1.6358 	 0.9288 	 0.4518 	
5300 	 1.9 	 0.73 	 1.3553 	 0.9879 	 0.9297 	0 	 1.4071 	 0.9813 	 0.8827 	1 	 1.3902 	 0.9679 	 0.7738 	2 	 1.6467 	 0.9284 	 0.4557 	
5400 	 2.0 	 0.73 	 1.3559 	 0.9789 	 0.9062 	0 	 1.4146 	 0.9800 	 0.8726 	1 	 1.3861 	 0.9682 	 0.7783 	2 	 1.6439 	 0.9287 	 0.4362 	
5500 	 2.0 	 0.71 	 1.3295 	 0.9605 	 0.6641 	0 	 1.4109 	 0.9815 	 0.8827 	1 	 1.3962 	 0.9677 	 0.7736 	2 	 1.6631 	 0.9261 	 0.4258 	
5600 	 2.0 	 0.72 	 1.3489 	 0.9605 	 0.6562 	0 	 1.3993 	 0.9818 	 0.8842 	1 	 1.3810 	 0.9678 	 0.7672 	2 	 1.6383 	 0.9285 	 0.4596 	
5700 	 2.1 	 0.72 	 1.3323 	 0.9952 	 0.9766 	0 	 1.4030 	 0.9785 	 0.8602 	1 	 1.3770 	 0.9678 	 0.7720 	2 	 1.6320 	 0.9299 	 0.4811 	
5800 	 2.1 	 0.73 	 1.3568 	 0.9457 	 0.5391 	0 	 1.3866 	 0.9820 	 0.8857 	1 	 1.3740 	 0.9696 	 0.7811 	2 	 1.6290 	 0.9311 	 0.4805 	
5900 	 2.2 	 0.72 	 1.3414 	 0.9729 	 0.8281 	0 	 1.3938 	 0.9804 	 0.8726 	1 	 1.3754 	 0.9687 	 0.7763 	2 	 1.6244 	 0.9309 	 0.4883 	
6000 	 2.2 	 0.73 	 1.3368 	 0.9498 	 0.6016 	0 	 1.3766 	 0.9808 	 0.8759 	1 	 1.3724 	 0.9690 	 0.7799 	2 	 1.6115 	 0.9318 	 0.4818 	
6100 	 2.2 	 0.73 	 1.3445 	 0.9896 	 0.9297 	0 	 1.3891 	 0.9813 	 0.8842 	1 	 1.3710 	 0.9697 	 0.7842 	2 	 1.6128 	 0.9308 	 0.4811 	
6200 	 2.3 	 0.72 	 1.3280 	 0.9730 	 0.8125 	0 	 1.3771 	 0.9821 	 0.8898 	1 	 1.3687 	 0.9702 	 0.7822 	2 	 1.6108 	 0.9315 	 0.5013 	
6300 	 2.3 	 0.73 	 1.3332 	 0.9842 	 0.9141 	0 	 1.3869 	 0.9822 	 0.8887 	1 	 1.3698 	 0.9694 	 0.7806 	2 	 1.6062 	 0.9322 	 0.4857 	
6400 	 2.3 	 0.73 	 1.3294 	 0.9775 	 0.8281 	0 	 1.3911 	 0.9820 	 0.8838 	1 	 1.3706 	 0.9691 	 0.7706 	2 	 1.5996 	 0.9337 	 0.4753 	
6500 	 2.4 	 0.72 	 1.3253 	 0.9801 	 0.8359 	0 	 1.3801 	 0.9816 	 0.8823 	1 	 1.3621 	 0.9698 	 0.7838 	2 	 1.5995 	 0.9328 	 0.4818 	
6600 	 2.4 	 0.72 	 1.3279 	 0.9785 	 0.7969 	0 	 1.3879 	 0.9816 	 0.8831 	1 	 1.3672 	 0.9709 	 0.7804 	2 	 1.6060 	 0.9341 	 0.4740 	
6700 	 2.4 	 0.72 	 1.3107 	 0.9751 	 0.7578 	0 	 1.3902 	 0.9812 	 0.8808 	1 	 1.3631 	 0.9694 	 0.7724 	2 	 1.6106 	 0.9323 	 0.4564 	
6800 	 2.5 	 0.74 	 1.3283 	 0.9676 	 0.7578 	0 	 1.3722 	 0.9821 	 0.8853 	1 	 1.3566 	 0.9705 	 0.7820 	2 	 1.5794 	 0.9350 	 0.4753 	
6900 	 2.5 	 0.72 	 1.3248 	 0.9737 	 0.8125 	0 	 1.3849 	 0.9806 	 0.8748 	1 	 1.3608 	 0.9701 	 0.7820 	2 	 1.5824 	 0.9347 	 0.5000 	
7000 	 2.6 	 0.72 	 1.3198 	 0.9807 	 0.8125 	0 	 1.3710 	 0.9823 	 0.8887 	1 	 1.3573 	 0.9714 	 0.7888 	2 	 1.5836 	 0.9345 	 0.4779 	
7100 	 2.6 	 0.72 	 1.3038 	 0.9833 	 0.8516 	0 	 1.3662 	 0.9823 	 0.8876 	1 	 1.3547 	 0.9711 	 0.7892 	2 	 1.5942 	 0.9317 	 0.4564 	
7200 	 2.6 	 0.73 	 1.3281 	 0.9944 	 0.9688 	0 	 1.3751 	 0.9818 	 0.8831 	1 	 1.3488 	 0.9713 	 0.7858 	2 	 1.5775 	 0.9340 	 0.4681 	
7300 	 2.7 	 0.72 	 1.3041 	 0.9875 	 0.9219 	0 	 1.3672 	 0.9826 	 0.8861 	1 	 1.3442 	 0.9719 	 0.7949 	2 	 1.5771 	 0.9354 	 0.5098 	
7400 	 2.7 	 0.72 	 1.2989 	 0.9594 	 0.6094 	0 	 1.3697 	 0.9832 	 0.8902 	1 	 1.3475 	 0.9719 	 0.7931 	2 	 1.5870 	 0.9332 	 0.4733 	
7500 	 2.7 	 0.73 	 1.3089 	 0.9595 	 0.6328 	0 	 1.3596 	 0.9822 	 0.8816 	1 	 1.3421 	 0.9719 	 0.7951 	2 	 1.5643 	 0.9370 	 0.4889 	
7600 	 2.8 	 0.72 	 1.2975 	 0.9876 	 0.9219 	0 	 1.3723 	 0.9832 	 0.8921 	1 	 1.3374 	 0.9724 	 0.7992 	2 	 1.5702 	 0.9360 	 0.4941 	
7700 	 2.8 	 0.72 	 1.3062 	 0.9804 	 0.8047 	0 	 1.3603 	 0.9817 	 0.8812 	1 	 1.3423 	 0.9717 	 0.7901 	2 	 1.5582 	 0.9373 	 0.4948 	
7800 	 2.8 	 0.73 	 1.3002 	 0.9378 	 0.6016 	0 	 1.3553 	 0.9826 	 0.8849 	1 	 1.3341 	 0.9731 	 0.7976 	2 	 1.5552 	 0.9375 	 0.4759 	
7900 	 2.9 	 0.72 	 1.2978 	 0.9858 	 0.9141 	0 	 1.3657 	 0.9845 	 0.8988 	1 	 1.3353 	 0.9725 	 0.8001 	2 	 1.5554 	 0.9379 	 0.4928 	
8000 	 2.9 	 0.72 	 1.2954 	 0.9825 	 0.8516 	0 	 1.3398 	 0.9828 	 0.8876 	1 	 1.3315 	 0.9733 	 0.8090 	2 	 1.5547 	 0.9378 	 0.4993 	
8100 	 3.0 	 0.72 	 1.2871 	 0.9749 	 0.7891 	0 	 1.3474 	 0.9815 	 0.8793 	1 	 1.3286 	 0.9728 	 0.8017 	2 	 1.5554 	 0.9374 	 0.4870 	
8200 	 3.0 	 0.71 	 1.2809 	 0.9779 	 0.8125 	0 	 1.3569 	 0.9828 	 0.8891 	1 	 1.3281 	 0.9728 	 0.8001 	2 	 1.5555 	 0.9362 	 0.4850 	
8300 	 3.0 	 0.72 	 1.2952 	 0.9777 	 0.8594 	0 	 1.3363 	 0.9840 	 0.8962 	1 	 1.3315 	 0.9729 	 0.8022 	2 	 1.5530 	 0.9386 	 0.4915 	
8400 	 3.1 	 0.73 	 1.2982 	 0.9725 	 0.8281 	0 	 1.3426 	 0.9839 	 0.8988 	1 	 1.3342 	 0.9724 	 0.7997 	2 	 1.5466 	 0.9371 	 0.4674 	
8500 	 3.1 	 0.73 	 1.3005 	 0.9873 	 0.8750 	0 	 1.3431 	 0.9842 	 0.9003 	1 	 1.3298 	 0.9728 	 0.8029 	2 	 1.5395 	 0.9402 	 0.5169 	
8600 	 3.1 	 0.72 	 1.2784 	 0.9812 	 0.8594 	0 	 1.3361 	 0.9848 	 0.9029 	1 	 1.3258 	 0.9736 	 0.8090 	2 	 1.5373 	 0.9392 	 0.5026 	
8700 	 3.2 	 0.72 	 1.2853 	 0.9878 	 0.9297 	0 	 1.3298 	 0.9841 	 0.8969 	1 	 1.3294 	 0.9731 	 0.8045 	2 	 1.5350 	 0.9388 	 0.4863 	
8800 	 3.2 	 0.72 	 1.2827 	 0.9932 	 0.9453 	0 	 1.3507 	 0.9841 	 0.8981 	1 	 1.3247 	 0.9741 	 0.8117 	2 	 1.5469 	 0.9378 	 0.4850 	
8900 	 3.3 	 0.73 	 1.2926 	 0.9914 	 0.9375 	0 	 1.3400 	 0.9839 	 0.8962 	1 	 1.3245 	 0.9736 	 0.8085 	2 	 1.5391 	 0.9367 	 0.4779 	
9000 	 3.3 	 0.72 	 1.2783 	 0.9765 	 0.8359 	0 	 1.3398 	 0.9852 	 0.9070 	1 	 1.3239 	 0.9732 	 0.8076 	2 	 1.5533 	 0.9366 	 0.4720 	
9100 	 3.3 	 0.72 	 1.2869 	 0.9753 	 0.8125 	0 	 1.3504 	 0.9855 	 0.9074 	1 	 1.3266 	 0.9746 	 0.8122 	2 	 1.5438 	 0.9376 	 0.4961 	
9200 	 3.4 	 0.73 	 1.2787 	 0.9831 	 0.8281 	0 	 1.3343 	 0.9845 	 0.8999 	1 	 1.3198 	 0.9736 	 0.8022 	2 	 1.5341 	 0.9371 	 0.4980 	
9300 	 3.4 	 0.71 	 1.2673 	 0.9899 	 0.9297 	0 	 1.3464 	 0.9850 	 0.9029 	1 	 1.3212 	 0.9743 	 0.8104 	2 	 1.5273 	 0.9392 	 0.5072 	
9400 	 3.4 	 0.72 	 1.2753 	 0.9660 	 0.6719 	0 	 1.3411 	 0.9855 	 0.9040 	1 	 1.3197 	 0.9739 	 0.8040 	2 	 1.5303 	 0.9385 	 0.5150 	
9500 	 3.5 	 0.72 	 1.2783 	 0.9787 	 0.8516 	0 	 1.3380 	 0.9855 	 0.9059 	1 	 1.3149 	 0.9741 	 0.8083 	2 	 1.5146 	 0.9414 	 0.5221 	
9600 	 3.5 	 0.73 	 1.2736 	 0.9891 	 0.8828 	0 	 1.3432 	 0.9858 	 0.9078 	1 	 1.3211 	 0.9737 	 0.8101 	2 	 1.5200 	 0.9414 	 0.5208 	
9700 	 3.5 	 0.71 	 1.2721 	 0.9784 	 0.8594 	0 	 1.3411 	 0.9845 	 0.8992 	1 	 1.3208 	 0.9738 	 0.8101 	2 	 1.5157 	 0.9395 	 0.5241 	
9800 	 3.6 	 0.71 	 1.2477 	 0.9710 	 0.8125 	0 	 1.3420 	 0.9863 	 0.9097 	1 	 1.3127 	 0.9752 	 0.8176 	2 	 1.5188 	 0.9417 	 0.5163 	
9900 	 3.6 	 0.72 	 1.2721 	 0.9687 	 0.6641 	0 	 1.3424 	 0.9868 	 0.9149 	1 	 1.3099 	 0.9746 	 0.8099 	2 	 1.5238 	 0.9406 	 0.4948 	
10000 	 3.7 	 0.72 	 1.2707 	 0.9823 	 0.8594 	0 	 1.3310 	 0.9864 	 0.9142 	1 	 1.3100 	 0.9749 	 0.8167 	2 	 1.5126 	 0.9422 	 0.5202 	
10100 	 3.7 	 0.73 	 1.2698 	 0.9785 	 0.8438 	0 	 1.3128 	 0.9861 	 0.9097 	1 	 1.3083 	 0.9750 	 0.8129 	2 	 1.5124 	 0.9411 	 0.5026 	
10200 	 3.7 	 0.72 	 1.2660 	 0.9962 	 0.9688 	0 	 1.3149 	 0.9850 	 0.9022 	1 	 1.3071 	 0.9742 	 0.8065 	2 	 1.5142 	 0.9392 	 0.5065 	
10300 	 3.8 	 0.72 	 1.2635 	 0.9847 	 0.9062 	0 	 1.3173 	 0.9867 	 0.9164 	1 	 1.3070 	 0.9744 	 0.8106 	2 	 1.5150 	 0.9411 	 0.5234 	
10400 	 3.8 	 0.72 	 1.2546 	 0.9755 	 0.8281 	0 	 1.3265 	 0.9857 	 0.9078 	1 	 1.3025 	 0.9748 	 0.8083 	2 	 1.5148 	 0.9410 	 0.5033 	
10500 	 3.8 	 0.73 	 1.2661 	 0.9934 	 0.9531 	0 	 1.3193 	 0.9863 	 0.9115 	1 	 1.3046 	 0.9751 	 0.8119 	2 	 1.5188 	 0.9413 	 0.5072 	
10600 	 3.9 	 0.72 	 1.2632 	 0.9755 	 0.7109 	0 	 1.3347 	 0.9855 	 0.9044 	1 	 1.3071 	 0.9752 	 0.8147 	2 	 1.5156 	 0.9419 	 0.5189 	
10700 	 3.9 	 0.72 	 1.2560 	 0.9835 	 0.8516 	0 	 1.3363 	 0.9855 	 0.9074 	1 	 1.3019 	 0.9747 	 0.8135 	2 	 1.5132 	 0.9414 	 0.5176 	
10800 	 3.9 	 0.72 	 1.2727 	 0.9791 	 0.8516 	0 	 1.3231 	 0.9838 	 0.8947 	1 	 1.3042 	 0.9748 	 0.8174 	2 	 1.5103 	 0.9419 	 0.5221 	
10900 	 4.0 	 0.73 	 1.2565 	 0.9800 	 0.8047 	0 	 1.3253 	 0.9857 	 0.9074 	1 	 1.2981 	 0.9755 	 0.8188 	2 	 1.5052 	 0.9423 	 0.5130 	
11000 	 4.0 	 0.72 	 1.2492 	 0.9825 	 0.8438 	0 	 1.3270 	 0.9859 	 0.9097 	1 	 1.2998 	 0.9753 	 0.8154 	2 	 1.5014 	 0.9418 	 0.5221 	
11100 	 4.1 	 0.72 	 1.2471 	 0.9924 	 0.9453 	0 	 1.3309 	 0.9851 	 0.9033 	1 	 1.2965 	 0.9760 	 0.8197 	2 	 1.5101 	 0.9408 	 0.5254 	
11200 	 4.1 	 0.72 	 1.2543 	 0.9858 	 0.8594 	0 	 1.3347 	 0.9838 	 0.8958 	1 	 1.2976 	 0.9754 	 0.8160 	2 	 1.5080 	 0.9412 	 0.5169 	
11300 	 4.1 	 0.72 	 1.2535 	 0.9881 	 0.8984 	0 	 1.3293 	 0.9841 	 0.8992 	1 	 1.2971 	 0.9758 	 0.8206 	2 	 1.5064 	 0.9410 	 0.5130 	
11400 	 4.2 	 0.73 	 1.2593 	 0.9796 	 0.8438 	0 	 1.3271 	 0.9846 	 0.9010 	1 	 1.3050 	 0.9750 	 0.8147 	2 	 1.5192 	 0.9401 	 0.5039 	
11500 	 4.2 	 0.72 	 1.2453 	 0.9925 	 0.9609 	0 	 1.3240 	 0.9862 	 0.9127 	1 	 1.2942 	 0.9764 	 0.8238 	2 	 1.5049 	 0.9426 	 0.5202 	
11600 	 4.2 	 0.72 	 1.2514 	 0.9724 	 0.8047 	0 	 1.3384 	 0.9843 	 0.8984 	1 	 1.2963 	 0.9756 	 0.8176 	2 	 1.5075 	 0.9415 	 0.5091 	
11700 	 4.3 	 0.71 	 1.2362 	 0.9786 	 0.8594 	0 	 1.3342 	 0.9850 	 0.9018 	1 	 1.2944 	 0.9760 	 0.8194 	2 	 1.5070 	 0.9415 	 0.4961 	
11800 	 4.3 	 0.73 	 1.2463 	 0.9650 	 0.6875 	0 	 1.3340 	 0.9860 	 0.9115 	1 	 1.2918 	 0.9755 	 0.8165 	2 	 1.5089 	 0.9420 	 0.5104 	
11900 	 4.3 	 0.72 	 1.2528 	 0.9757 	 0.6875 	0 	 1.3323 	 0.9856 	 0.9067 	1 	 1.2912 	 0.9756 	 0.8203 	2 	 1.5034 	 0.9421 	 0.5163 	
12000 	 4.4 	 0.72 	 1.2425 	 0.9682 	 0.6562 	0 	 1.3310 	 0.9854 	 0.9052 	1 	 1.2954 	 0.9757 	 0.8217 	2 	 1.5031 	 0.9423 	 0.5176 	
12100 	 4.4 	 0.72 	 1.2476 	 0.9745 	 0.7344 	0 	 1.3513 	 0.9862 	 0.9100 	1 	 1.2928 	 0.9755 	 0.8197 	2 	 1.4986 	 0.9414 	 0.5221 	
12200 	 4.5 	 0.72 	 1.2513 	 0.9850 	 0.8594 	0 	 1.3409 	 0.9860 	 0.9089 	1 	 1.2890 	 0.9760 	 0.8215 	2 	 1.4968 	 0.9421 	 0.5326 	
12300 	 4.5 	 0.72 	 1.2477 	 0.9819 	 0.9219 	0 	 1.3355 	 0.9857 	 0.9059 	1 	 1.2856 	 0.9763 	 0.8235 	2 	 1.4949 	 0.9423 	 0.5182 	
12400 	 4.5 	 0.72 	 1.2469 	 0.9821 	 0.8359 	0 	 1.3382 	 0.9854 	 0.9029 	1 	 1.2854 	 0.9769 	 0.8281 	2 	 1.4945 	 0.9427 	 0.5215 	
12500 	 4.6 	 0.72 	 1.2395 	 0.9889 	 0.8984 	0 	 1.3229 	 0.9843 	 0.8917 	1 	 1.2884 	 0.9759 	 0.8179 	2 	 1.4993 	 0.9411 	 0.5085 	
12600 	 4.6 	 0.72 	 1.2369 	 0.9944 	 0.9531 	0 	 1.3317 	 0.9863 	 0.9108 	1 	 1.2891 	 0.9757 	 0.8188 	2 	 1.4898 	 0.9438 	 0.5137 	
12700 	 4.6 	 0.72 	 1.2457 	 0.9881 	 0.8828 	0 	 1.3248 	 0.9867 	 0.9134 	1 	 1.2875 	 0.9765 	 0.8219 	2 	 1.4919 	 0.9431 	 0.5221 	
12800 	 4.7 	 0.72 	 1.2391 	 0.9841 	 0.8828 	0 	 1.3204 	 0.9868 	 0.9134 	1 	 1.2856 	 0.9763 	 0.8251 	2 	 1.4868 	 0.9444 	 0.5241 	
12900 	 4.7 	 0.72 	 1.2363 	 0.9819 	 0.8594 	0 	 1.3288 	 0.9865 	 0.9104 	1 	 1.2883 	 0.9758 	 0.8206 	2 	 1.4974 	 0.9431 	 0.5189 	
13000 	 4.7 	 0.73 	 1.2465 	 0.9932 	 0.9531 	0 	 1.3249 	 0.9852 	 0.9003 	1 	 1.2863 	 0.9763 	 0.8244 	2 	 1.4819 	 0.9433 	 0.5182 	
13100 	 4.8 	 0.72 	 1.2428 	 0.9891 	 0.8984 	0 	 1.3180 	 0.9856 	 0.9055 	1 	 1.2903 	 0.9760 	 0.8235 	2 	 1.4849 	 0.9437 	 0.5195 	
13200 	 4.8 	 0.73 	 1.2322 	 0.9803 	 0.8281 	0 	 1.3231 	 0.9855 	 0.9025 	1 	 1.2883 	 0.9756 	 0.8185 	2 	 1.4815 	 0.9441 	 0.5195 	
13300 	 4.9 	 0.73 	 1.2531 	 0.9704 	 0.8281 	0 	 1.3297 	 0.9865 	 0.9130 	1 	 1.2876 	 0.9761 	 0.8224 	2 	 1.4968 	 0.9430 	 0.5228 	
13400 	 4.9 	 0.72 	 1.2317 	 0.9835 	 0.8516 	0 	 1.3274 	 0.9851 	 0.9025 	1 	 1.2813 	 0.9760 	 0.8242 	2 	 1.4792 	 0.9458 	 0.5345 	
13500 	 4.9 	 0.72 	 1.2268 	 0.9776 	 0.7969 	0 	 1.3152 	 0.9864 	 0.9138 	1 	 1.2820 	 0.9761 	 0.8240 	2 	 1.4799 	 0.9444 	 0.5332 	
13600 	 5.0 	 0.73 	 1.2309 	 0.9827 	 0.8984 	0 	 1.3308 	 0.9857 	 0.9067 	1 	 1.2806 	 0.9759 	 0.8224 	2 	 1.4879 	 0.9419 	 0.5085 	
13700 	 5.0 	 0.72 	 1.2342 	 0.9800 	 0.8672 	0 	 1.3326 	 0.9853 	 0.9048 	1 	 1.2782 	 0.9766 	 0.8253 	2 	 1.4765 	 0.9452 	 0.5280 	
13800 	 5.0 	 0.72 	 1.2284 	 0.9771 	 0.8828 	0 	 1.3258 	 0.9858 	 0.9108 	1 	 1.2841 	 0.9759 	 0.8247 	2 	 1.4796 	 0.9438 	 0.5189 	
13900 	 5.1 	 0.73 	 1.2451 	 0.9953 	 0.9609 	0 	 1.3267 	 0.9851 	 0.9044 	1 	 1.2774 	 0.9764 	 0.8276 	2 	 1.4691 	 0.9447 	 0.5234 	
14000 	 5.1 	 0.72 	 1.2244 	 0.9824 	 0.8672 	0 	 1.3228 	 0.9862 	 0.9089 	1 	 1.2737 	 0.9770 	 0.8288 	2 	 1.4732 	 0.9452 	 0.5371 	
14100 	 5.2 	 0.73 	 1.2431 	 0.9852 	 0.8906 	0 	 1.3309 	 0.9854 	 0.9044 	1 	 1.2796 	 0.9758 	 0.8185 	2 	 1.4824 	 0.9437 	 0.5241 	
14200 	 5.2 	 0.72 	 1.2292 	 0.9686 	 0.6797 	0 	 1.3326 	 0.9861 	 0.9097 	1 	 1.2763 	 0.9764 	 0.8256 	2 	 1.4844 	 0.9442 	 0.5163 	
14300 	 5.2 	 0.72 	 1.2240 	 0.9795 	 0.8203 	0 	 1.3231 	 0.9866 	 0.9119 	1 	 1.2781 	 0.9760 	 0.8228 	2 	 1.4819 	 0.9429 	 0.5208 	
14400 	 5.3 	 0.73 	 1.2421 	 0.9799 	 0.8516 	0 	 1.3341 	 0.9844 	 0.8962 	1 	 1.2786 	 0.9758 	 0.8183 	2 	 1.4848 	 0.9446 	 0.5267 	
14500 	 5.3 	 0.72 	 1.2214 	 0.9953 	 0.9609 	0 	 1.3352 	 0.9864 	 0.9119 	1 	 1.2742 	 0.9765 	 0.8233 	2 	 1.4792 	 0.9441 	 0.5117 	
14600 	 5.3 	 0.72 	 1.2177 	 0.9881 	 0.8984 	0 	 1.3333 	 0.9854 	 0.9022 	1 	 1.2806 	 0.9754 	 0.8244 	2 	 1.4762 	 0.9428 	 0.5208 	
14700 	 5.4 	 0.72 	 1.2229 	 0.9888 	 0.9141 	0 	 1.3327 	 0.9864 	 0.9108 	1 	 1.2773 	 0.9761 	 0.8219 	2 	 1.4753 	 0.9453 	 0.5319 	
14800 	 5.4 	 0.72 	 1.2230 	 0.9810 	 0.8516 	0 	 1.3325 	 0.9838 	 0.8924 	1 	 1.2773 	 0.9752 	 0.8099 	2 	 1.4725 	 0.9446 	 0.5189 	
14900 	 5.4 	 0.73 	 1.2284 	 0.9813 	 0.8359 	0 	 1.3156 	 0.9864 	 0.9115 	1 	 1.2739 	 0.9764 	 0.8288 	2 	 1.4697 	 0.9444 	 0.5234 	
15000 	 5.5 	 0.72 	 1.2305 	 0.9754 	 0.8359 	0 	 1.3255 	 0.9865 	 0.9108 	1 	 1.2719 	 0.9756 	 0.8169 	2 	 1.4638 	 0.9453 	 0.5228 	
15100 	 5.5 	 0.72 	 1.2246 	 0.9891 	 0.9141 	0 	 1.3222 	 0.9860 	 0.9097 	1 	 1.2771 	 0.9761 	 0.8235 	2 	 1.4664 	 0.9453 	 0.5267 	
15200 	 5.6 	 0.73 	 1.2323 	 0.9735 	 0.7812 	0 	 1.3282 	 0.9873 	 0.9172 	1 	 1.2775 	 0.9761 	 0.8240 	2 	 1.4767 	 0.9429 	 0.5189 	
15300 	 5.6 	 0.72 	 1.2194 	 0.9847 	 0.8906 	0 	 1.3274 	 0.9851 	 0.9018 	1 	 1.2704 	 0.9761 	 0.8219 	2 	 1.4637 	 0.9443 	 0.5273 	
15400 	 5.6 	 0.73 	 1.2252 	 0.9936 	 0.9453 	0 	 1.3140 	 0.9850 	 0.9037 	1 	 1.2682 	 0.9767 	 0.8263 	2 	 1.4599 	 0.9459 	 0.5391 	
15500 	 5.7 	 0.72 	 1.2231 	 0.9933 	 0.9531 	0 	 1.3029 	 0.9867 	 0.9115 	1 	 1.2693 	 0.9768 	 0.8272 	2 	 1.4591 	 0.9455 	 0.5352 	
15600 	 5.7 	 0.71 	 1.2165 	 0.9872 	 0.8984 	0 	 1.2911 	 0.9875 	 0.9172 	1 	 1.2692 	 0.9770 	 0.8315 	2 	 1.4601 	 0.9453 	 0.5371 	
15700 	 5.7 	 0.72 	 1.2210 	 0.9856 	 0.9219 	0 	 1.2855 	 0.9877 	 0.9183 	1 	 1.2656 	 0.9770 	 0.8288 	2 	 1.4532 	 0.9460 	 0.5378 	
15800 	 5.8 	 0.72 	 1.2119 	 0.9932 	 0.9609 	0 	 1.2857 	 0.9878 	 0.9220 	1 	 1.2627 	 0.9785 	 0.8399 	2 	 1.4622 	 0.9454 	 0.5410 	
15900 	 5.8 	 0.72 	 1.2123 	 0.9849 	 0.8672 	0 	 1.2966 	 0.9865 	 0.9097 	1 	 1.2674 	 0.9765 	 0.8260 	2 	 1.4600 	 0.9459 	 0.5312 	
16000 	 5.8 	 0.72 	 1.2194 	 0.9735 	 0.8359 	0 	 1.3090 	 0.9864 	 0.9115 	1 	 1.2654 	 0.9776 	 0.8303 	2 	 1.4683 	 0.9451 	 0.5241 	
16100 	 5.9 	 0.72 	 1.2119 	 0.9873 	 0.8516 	0 	 1.3180 	 0.9867 	 0.9119 	1 	 1.2642 	 0.9774 	 0.8306 	2 	 1.4599 	 0.9465 	 0.5332 	
16200 	 5.9 	 0.73 	 1.2240 	 0.9895 	 0.9375 	0 	 1.3065 	 0.9851 	 0.9010 	1 	 1.2598 	 0.9781 	 0.8353 	2 	 1.4572 	 0.9463 	 0.5273 	
16300 	 6.0 	 0.72 	 1.2024 	 0.9874 	 0.8906 	0 	 1.3039 	 0.9875 	 0.9194 	1 	 1.2643 	 0.9774 	 0.8313 	2 	 1.4646 	 0.9456 	 0.5319 	
16400 	 6.0 	 0.73 	 1.2173 	 0.9869 	 0.8906 	0 	 1.3132 	 0.9860 	 0.9078 	1 	 1.2611 	 0.9772 	 0.8290 	2 	 1.4512 	 0.9465 	 0.5430 	
16500 	 6.0 	 0.73 	 1.2152 	 0.9868 	 0.9297 	0 	 1.2985 	 0.9868 	 0.9138 	1 	 1.2641 	 0.9774 	 0.8297 	2 	 1.4584 	 0.9462 	 0.5443 	
16600 	 6.1 	 0.71 	 1.2082 	 0.9775 	 0.8906 	0 	 1.3145 	 0.9877 	 0.9194 	1 	 1.2624 	 0.9781 	 0.8367 	2 	 1.4600 	 0.9472 	 0.5397 	
16700 	 6.1 	 0.72 	 1.2078 	 0.9852 	 0.8672 	0 	 1.2968 	 0.9876 	 0.9205 	1 	 1.2616 	 0.9779 	 0.8378 	2 	 1.4524 	 0.9475 	 0.5579 	
16800 	 6.1 	 0.73 	 1.2141 	 0.9914 	 0.9375 	0 	 1.2997 	 0.9862 	 0.9097 	1 	 1.2669 	 0.9766 	 0.8233 	2 	 1.4546 	 0.9461 	 0.5358 	
16900 	 6.2 	 0.72 	 1.2061 	 0.9615 	 0.7031 	0 	 1.3000 	 0.9873 	 0.9194 	1 	 1.2676 	 0.9769 	 0.8263 	2 	 1.4599 	 0.9453 	 0.5495 	
17000 	 6.2 	 0.73 	 1.2080 	 0.9928 	 0.9219 	0 	 1.2970 	 0.9861 	 0.9093 	1 	 1.2600 	 0.9776 	 0.8317 	2 	 1.4567 	 0.9447 	 0.5326 	
17100 	 6.2 	 0.71 	 1.2016 	 0.9916 	 0.9062 	0 	 1.3032 	 0.9855 	 0.9074 	1 	 1.2625 	 0.9774 	 0.8276 	2 	 1.4530 	 0.9453 	 0.5326 	
17200 	 6.3 	 0.72 	 1.2059 	 0.9949 	 0.9219 	0 	 1.2938 	 0.9857 	 0.9070 	1 	 1.2612 	 0.9771 	 0.8274 	2 	 1.4581 	 0.9473 	 0.5326 	
17300 	 6.3 	 0.73 	 1.2087 	 0.9870 	 0.8906 	0 	 1.2942 	 0.9873 	 0.9190 	1 	 1.2636 	 0.9776 	 0.8313 	2 	 1.4562 	 0.9464 	 0.5469 	
17400 	 6.4 	 0.73 	 1.2161 	 0.9971 	 0.9766 	0 	 1.2964 	 0.9878 	 0.9213 	1 	 1.2624 	 0.9778 	 0.8328 	2 	 1.4538 	 0.9464 	 0.5501 	
17500 	 6.4 	 0.72 	 1.2140 	 0.9922 	 0.9453 	0 	 1.3060 	 0.9872 	 0.9190 	1 	 1.2603 	 0.9774 	 0.8301 	2 	 1.4472 	 0.9467 	 0.5488 	
17600 	 6.4 	 0.73 	 1.2078 	 0.9766 	 0.7734 	0 	 1.2906 	 0.9874 	 0.9160 	1 	 1.2559 	 0.9779 	 0.8347 	2 	 1.4428 	 0.9478 	 0.5456 	
17700 	 6.5 	 0.72 	 1.2077 	 0.9847 	 0.8672 	0 	 1.2896 	 0.9880 	 0.9217 	1 	 1.2572 	 0.9785 	 0.8376 	2 	 1.4474 	 0.9484 	 0.5684 	
17800 	 6.5 	 0.72 	 1.2020 	 0.9845 	 0.9219 	0 	 1.2923 	 0.9858 	 0.9048 	1 	 1.2576 	 0.9777 	 0.8344 	2 	 1.4436 	 0.9485 	 0.5592 	
17900 	 6.5 	 0.73 	 1.2085 	 0.9887 	 0.8984 	0 	 1.2856 	 0.9881 	 0.9232 	1 	 1.2557 	 0.9781 	 0.8376 	2 	 1.4404 	 0.9497 	 0.5632 	
18000 	 6.6 	 0.73 	 1.2092 	 0.9953 	 0.9688 	0 	 1.3070 	 0.9871 	 0.9160 	1 	 1.2568 	 0.9782 	 0.8399 	2 	 1.4436 	 0.9481 	 0.5514 	
18100 	 6.6 	 0.72 	 1.1978 	 0.9839 	 0.8594 	0 	 1.2874 	 0.9874 	 0.9194 	1 	 1.2551 	 0.9779 	 0.8353 	2 	 1.4405 	 0.9487 	 0.5638 	
18200 	 6.6 	 0.73 	 1.2076 	 0.9931 	 0.9297 	0 	 1.2922 	 0.9871 	 0.9187 	1 	 1.2536 	 0.9779 	 0.8342 	2 	 1.4414 	 0.9484 	 0.5540 	
18300 	 6.7 	 0.72 	 1.2059 	 0.9981 	 0.9844 	0 	 1.3092 	 0.9857 	 0.9100 	1 	 1.2536 	 0.9783 	 0.8360 	2 	 1.4444 	 0.9476 	 0.5410 	
18400 	 6.7 	 0.72 	 1.2242 	 0.9885 	 0.9297 	0 	 1.3115 	 0.9857 	 0.9089 	1 	 1.2751 	 0.9770 	 0.8235 	2 	 1.4743 	 0.9446 	 0.5365 	
18500 	 6.8 	 0.72 	 1.2118 	 0.9943 	 0.9531 	0 	 1.3035 	 0.9858 	 0.9093 	1 	 1.2516 	 0.9786 	 0.8417 	2 	 1.4457 	 0.9473 	 0.5488 	
18600 	 6.8 	 0.73 	 1.2094 	 0.9864 	 0.8828 	0 	 1.2980 	 0.9873 	 0.9183 	1 	 1.2510 	 0.9788 	 0.8401 	2 	 1.4340 	 0.9495 	 0.5501 	
18700 	 6.8 	 0.71 	 1.2043 	 0.9962 	 0.9688 	0 	 1.2848 	 0.9881 	 0.9243 	1 	 1.2548 	 0.9780 	 0.8360 	2 	 1.4435 	 0.9481 	 0.5547 	
18800 	 6.9 	 0.72 	 1.2045 	 0.9789 	 0.8516 	0 	 1.3012 	 0.9871 	 0.9179 	1 	 1.2521 	 0.9780 	 0.8378 	2 	 1.4436 	 0.9477 	 0.5658 	
18900 	 6.9 	 0.72 	 1.2010 	 0.9699 	 0.6953 	0 	 1.2960 	 0.9870 	 0.9145 	1 	 1.2573 	 0.9779 	 0.8344 	2 	 1.4536 	 0.9464 	 0.5410 	
19000 	 6.9 	 0.74 	 1.2041 	 0.9870 	 0.8906 	0 	 1.2990 	 0.9864 	 0.9108 	1 	 1.2523 	 0.9777 	 0.8340 	2 	 1.4373 	 0.9484 	 0.5645 	
19100 	 7.0 	 0.72 	 1.2018 	 0.9938 	 0.9219 	0 	 1.2936 	 0.9878 	 0.9235 	1 	 1.2507 	 0.9785 	 0.8417 	2 	 1.4335 	 0.9496 	 0.5684 	
19200 	 7.0 	 0.71 	 1.1899 	 0.9839 	 0.8750 	0 	 1.2937 	 0.9874 	 0.9183 	1 	 1.2447 	 0.9788 	 0.8412 	2 	 1.4400 	 0.9487 	 0.5540 	
19300 	 7.1 	 0.73 	 1.2036 	 0.9836 	 0.9062 	0 	 1.3054 	 0.9870 	 0.9145 	1 	 1.2466 	 0.9784 	 0.8376 	2 	 1.4370 	 0.9472 	 0.5443 	
19400 	 7.1 	 0.72 	 1.1961 	 0.9870 	 0.8750 	0 	 1.3092 	 0.9870 	 0.9134 	1 	 1.2484 	 0.9789 	 0.8417 	2 	 1.4335 	 0.9485 	 0.5443 	
19500 	 7.1 	 0.73 	 1.1987 	 0.9850 	 0.8828 	0 	 1.3002 	 0.9879 	 0.9235 	1 	 1.2484 	 0.9789 	 0.8451 	2 	 1.4444 	 0.9485 	 0.5475 	
19600 	 7.2 	 0.72 	 1.1979 	 0.9846 	 0.8672 	0 	 1.2882 	 0.9875 	 0.9202 	1 	 1.2468 	 0.9788 	 0.8408 	2 	 1.4354 	 0.9480 	 0.5540 	
19700 	 7.2 	 0.72 	 1.1925 	 0.9870 	 0.8906 	0 	 1.2936 	 0.9871 	 0.9190 	1 	 1.2479 	 0.9792 	 0.8431 	2 	 1.4407 	 0.9481 	 0.5514 	
19800 	 7.2 	 0.72 	 1.2077 	 0.9876 	 0.8750 	0 	 1.2901 	 0.9887 	 0.9269 	1 	 1.2507 	 0.9791 	 0.8440 	2 	 1.4441 	 0.9478 	 0.5671 	
19900 	 7.3 	 0.72 	 1.1981 	 0.9863 	 0.8438 	0 	 1.2863 	 0.9872 	 0.9164 	1 	 1.2505 	 0.9786 	 0.8394 	2 	 1.4447 	 0.9475 	 0.5514 	
20000 	 7.3 	 0.72 	 1.1947 	 0.9805 	 0.7969 	0 	 1.2938 	 0.9869 	 0.9134 	1 	 1.2473 	 0.9788 	 0.8426 	2 	 1.4377 	 0.9478 	 0.5521 	
20100 	 7.3 	 0.73 	 1.2026 	 0.9851 	 0.8828 	0 	 1.2972 	 0.9867 	 0.9134 	1 	 1.2459 	 0.9790 	 0.8453 	2 	 1.4265 	 0.9514 	 0.5762 	
20200 	 7.4 	 0.73 	 1.2061 	 0.9787 	 0.7812 	0 	 1.2833 	 0.9872 	 0.9138 	1 	 1.2515 	 0.9782 	 0.8344 	2 	 1.4323 	 0.9489 	 0.5632 	
20300 	 7.4 	 0.72 	 1.1969 	 0.9905 	 0.9297 	0 	 1.2941 	 0.9877 	 0.9209 	1 	 1.2476 	 0.9787 	 0.8394 	2 	 1.4216 	 0.9495 	 0.5638 	
20400 	 7.5 	 0.72 	 1.1936 	 0.9783 	 0.7656 	0 	 1.2781 	 0.9881 	 0.9187 	1 	 1.2497 	 0.9787 	 0.8374 	2 	 1.4246 	 0.9517 	 0.5814 	
20500 	 7.5 	 0.72 	 1.1944 	 0.9897 	 0.8672 	0 	 1.2852 	 0.9876 	 0.9168 	1 	 1.2551 	 0.9784 	 0.8362 	2 	 1.4308 	 0.9492 	 0.5566 	
20600 	 7.5 	 0.73 	 1.2031 	 0.9755 	 0.8672 	0 	 1.2870 	 0.9883 	 0.9224 	1 	 1.2472 	 0.9792 	 0.8440 	2 	 1.4259 	 0.9497 	 0.5651 	
20700 	 7.6 	 0.73 	 1.1916 	 0.9835 	 0.7969 	0 	 1.2854 	 0.9860 	 0.9037 	1 	 1.2460 	 0.9776 	 0.8319 	2 	 1.4253 	 0.9494 	 0.5534 	
20800 	 7.6 	 0.72 	 1.1937 	 0.9899 	 0.9141 	0 	 1.2939 	 0.9876 	 0.9213 	1 	 1.2463 	 0.9792 	 0.8442 	2 	 1.4240 	 0.9508 	 0.5632 	
20900 	 7.6 	 0.72 	 1.1934 	 0.9873 	 0.9141 	0 	 1.2849 	 0.9869 	 0.9157 	1 	 1.2459 	 0.9793 	 0.8424 	2 	 1.4234 	 0.9502 	 0.5527 	
21000 	 7.7 	 0.72 	 1.1967 	 0.9895 	 0.9375 	0 	 1.2765 	 0.9873 	 0.9175 	1 	 1.2532 	 0.9788 	 0.8417 	2 	 1.4209 	 0.9521 	 0.5632 	
21100 	 7.7 	 0.73 	 1.1938 	 0.9900 	 0.8984 	0 	 1.2844 	 0.9871 	 0.9145 	1 	 1.2504 	 0.9789 	 0.8406 	2 	 1.4233 	 0.9512 	 0.5775 	
21200 	 7.7 	 0.72 	 1.1897 	 0.9870 	 0.8672 	0 	 1.2837 	 0.9868 	 0.9149 	1 	 1.2454 	 0.9788 	 0.8394 	2 	 1.4321 	 0.9483 	 0.5605 	
21300 	 7.8 	 0.72 	 1.1906 	 0.9892 	 0.8828 	0 	 1.2937 	 0.9876 	 0.9190 	1 	 1.2455 	 0.9784 	 0.8367 	2 	 1.4325 	 0.9499 	 0.5625 	
21400 	 7.8 	 0.71 	 1.1903 	 0.9950 	 0.9688 	0 	 1.2943 	 0.9873 	 0.9168 	1 	 1.2472 	 0.9785 	 0.8410 	2 	 1.4379 	 0.9481 	 0.5612 	
21500 	 7.9 	 0.72 	 1.1895 	 0.9879 	 0.8906 	0 	 1.2956 	 0.9883 	 0.9250 	1 	 1.2425 	 0.9791 	 0.8397 	2 	 1.4304 	 0.9501 	 0.5540 	
21600 	 7.9 	 0.73 	 1.1971 	 0.9896 	 0.9062 	0 	 1.2934 	 0.9875 	 0.9190 	1 	 1.2422 	 0.9794 	 0.8437 	2 	 1.4232 	 0.9502 	 0.5573 	
21700 	 7.9 	 0.73 	 1.1896 	 0.9874 	 0.8984 	0 	 1.2872 	 0.9875 	 0.9202 	1 	 1.2419 	 0.9791 	 0.8424 	2 	 1.4260 	 0.9508 	 0.5677 	
21800 	 8.0 	 0.73 	 1.2004 	 0.9943 	 0.9531 	0 	 1.2854 	 0.9878 	 0.9232 	1 	 1.2408 	 0.9790 	 0.8419 	2 	 1.4190 	 0.9527 	 0.5866 	
21900 	 8.0 	 0.72 	 1.1890 	 0.9883 	 0.9297 	0 	 1.2892 	 0.9875 	 0.9205 	1 	 1.2451 	 0.9788 	 0.8381 	2 	 1.4261 	 0.9496 	 0.5736 	
22000 	 8.0 	 0.73 	 1.1918 	 0.9716 	 0.8750 	0 	 1.2883 	 0.9882 	 0.9262 	1 	 1.2448 	 0.9795 	 0.8460 	2 	 1.4215 	 0.9517 	 0.5866 	
22100 	 8.1 	 0.71 	 1.1994 	 0.9785 	 0.7344 	0 	 1.2808 	 0.9880 	 0.9247 	1 	 1.2418 	 0.9796 	 0.8440 	2 	 1.4149 	 0.9512 	 0.5612 	
22200 	 8.1 	 0.73 	 1.1873 	 0.9851 	 0.8516 	0 	 1.2796 	 0.9880 	 0.9217 	1 	 1.2462 	 0.9789 	 0.8406 	2 	 1.4192 	 0.9509 	 0.5729 	
22300 	 8.1 	 0.72 	 1.1841 	 0.9848 	 0.8906 	0 	 1.2754 	 0.9887 	 0.9280 	1 	 1.2395 	 0.9797 	 0.8453 	2 	 1.4223 	 0.9514 	 0.5892 	
22400 	 8.2 	 0.72 	 1.1838 	 0.9765 	 0.7812 	0 	 1.2895 	 0.9884 	 0.9232 	1 	 1.2424 	 0.9798 	 0.8485 	2 	 1.4231 	 0.9513 	 0.5814 	
22500 	 8.2 	 0.73 	 1.1845 	 0.9962 	 0.9688 	0 	 1.2891 	 0.9872 	 0.9164 	1 	 1.2394 	 0.9795 	 0.8437 	2 	 1.4174 	 0.9502 	 0.5664 	
22600 	 8.3 	 0.73 	 1.1917 	 0.9894 	 0.8984 	0 	 1.2980 	 0.9881 	 0.9250 	1 	 1.2401 	 0.9792 	 0.8474 	2 	 1.4206 	 0.9503 	 0.5827 	
22700 	 8.3 	 0.72 	 1.1878 	 0.9806 	 0.7656 	0 	 1.2930 	 0.9884 	 0.9284 	1 	 1.2405 	 0.9792 	 0.8440 	2 	 1.4161 	 0.9517 	 0.5977 	
22800 	 8.3 	 0.73 	 1.1861 	 0.9947 	 0.9453 	0 	 1.2852 	 0.9875 	 0.9217 	1 	 1.2403 	 0.9795 	 0.8483 	2 	 1.4127 	 0.9513 	 0.5814 	
22900 	 8.4 	 0.72 	 1.1857 	 0.9893 	 0.8984 	0 	 1.2820 	 0.9883 	 0.9250 	1 	 1.2453 	 0.9797 	 0.8506 	2 	 1.4169 	 0.9518 	 0.5846 	
23000 	 8.4 	 0.71 	 1.1828 	 0.9943 	 0.9609 	0 	 1.2810 	 0.9884 	 0.9254 	1 	 1.2404 	 0.9798 	 0.8517 	2 	 1.4174 	 0.9515 	 0.5885 	
23100 	 8.4 	 0.73 	 1.1919 	 0.9932 	 0.9531 	0 	 1.2938 	 0.9874 	 0.9198 	1 	 1.2433 	 0.9793 	 0.8456 	2 	 1.4171 	 0.9514 	 0.5957 	
23200 	 8.5 	 0.72 	 1.1881 	 0.9873 	 0.8828 	0 	 1.2878 	 0.9870 	 0.9160 	1 	 1.2422 	 0.9793 	 0.8435 	2 	 1.4178 	 0.9505 	 0.5716 	
23300 	 8.5 	 0.71 	 1.1779 	 0.9915 	 0.9297 	0 	 1.2800 	 0.9870 	 0.9168 	1 	 1.2427 	 0.9790 	 0.8403 	2 	 1.4123 	 0.9519 	 0.5898 	
23400 	 8.5 	 0.73 	 1.1769 	 0.9838 	 0.8594 	0 	 1.2721 	 0.9873 	 0.9175 	1 	 1.2403 	 0.9793 	 0.8417 	2 	 1.4147 	 0.9509 	 0.5645 	
23500 	 8.6 	 0.72 	 1.1846 	 0.9880 	 0.8984 	0 	 1.2798 	 0.9880 	 0.9220 	1 	 1.2344 	 0.9796 	 0.8474 	2 	 1.4165 	 0.9525 	 0.5801 	
23600 	 8.6 	 0.72 	 1.1800 	 0.9981 	 0.9844 	0 	 1.2689 	 0.9871 	 0.9134 	1 	 1.2386 	 0.9791 	 0.8417 	2 	 1.4222 	 0.9510 	 0.5684 	
23700 	 8.7 	 0.72 	 1.1907 	 0.9894 	 0.9453 	0 	 1.2726 	 0.9874 	 0.9172 	1 	 1.2350 	 0.9795 	 0.8412 	2 	 1.4087 	 0.9526 	 0.5794 	
23800 	 8.7 	 0.73 	 1.1795 	 0.9922 	 0.9062 	0 	 1.2783 	 0.9877 	 0.9209 	1 	 1.2347 	 0.9794 	 0.8451 	2 	 1.4149 	 0.9510 	 0.5671 	
23900 	 8.7 	 0.72 	 1.1701 	 0.9886 	 0.9062 	0 	 1.2742 	 0.9877 	 0.9205 	1 	 1.2387 	 0.9791 	 0.8385 	2 	 1.4196 	 0.9502 	 0.5560 	
24000 	 8.8 	 0.73 	 1.1836 	 0.9880 	 0.9141 	0 	 1.2756 	 0.9883 	 0.9254 	1 	 1.2359 	 0.9792 	 0.8397 	2 	 1.4188 	 0.9515 	 0.5710 	
24100 	 8.8 	 0.72 	 1.1825 	 0.9948 	 0.9297 	0 	 1.2686 	 0.9878 	 0.9183 	1 	 1.2349 	 0.9794 	 0.8419 	2 	 1.4220 	 0.9517 	 0.5762 	
24200 	 8.8 	 0.72 	 1.1799 	 0.9791 	 0.7969 	0 	 1.2807 	 0.9878 	 0.9213 	1 	 1.2355 	 0.9793 	 0.8412 	2 	 1.4073 	 0.9519 	 0.5697 	
24300 	 8.9 	 0.73 	 1.1846 	 0.9910 	 0.9141 	0 	 1.2699 	 0.9878 	 0.9202 	1 	 1.2346 	 0.9794 	 0.8401 	2 	 1.4140 	 0.9523 	 0.5768 	
24400 	 8.9 	 0.73 	 1.1809 	 0.9870 	 0.9062 	0 	 1.2613 	 0.9892 	 0.9284 	1 	 1.2342 	 0.9801 	 0.8487 	2 	 1.4141 	 0.9527 	 0.5924 	
24500 	 9.0 	 0.74 	 1.1880 	 0.9878 	 0.8984 	0 	 1.2728 	 0.9878 	 0.9164 	1 	 1.2440 	 0.9786 	 0.8367 	2 	 1.4163 	 0.9514 	 0.5788 	
24600 	 9.0 	 0.72 	 1.1844 	 0.9953 	 0.9609 	0 	 1.2741 	 0.9885 	 0.9250 	1 	 1.2329 	 0.9802 	 0.8519 	2 	 1.4035 	 0.9523 	 0.5911 	
24700 	 9.0 	 0.73 	 1.1872 	 0.9776 	 0.7344 	0 	 1.2753 	 0.9878 	 0.9194 	1 	 1.2327 	 0.9801 	 0.8490 	2 	 1.4131 	 0.9514 	 0.5781 	
24800 	 9.1 	 0.73 	 1.1752 	 0.9913 	 0.9141 	0 	 1.2731 	 0.9885 	 0.9265 	1 	 1.2358 	 0.9801 	 0.8510 	2 	 1.4206 	 0.9507 	 0.5866 	
24900 	 9.1 	 0.73 	 1.1753 	 0.9884 	 0.9219 	0 	 1.2729 	 0.9879 	 0.9220 	1 	 1.2296 	 0.9803 	 0.8508 	2 	 1.4093 	 0.9517 	 0.5866 	
25000 	 9.1 	 0.72 	 1.1713 	 0.9693 	 0.8203 	0 	 1.2750 	 0.9882 	 0.9250 	1 	 1.2333 	 0.9794 	 0.8462 	2 	 1.4123 	 0.9511 	 0.5905 	
25100 	 9.2 	 0.72 	 1.1760 	 0.9938 	 0.9219 	0 	 1.2836 	 0.9864 	 0.9104 	1 	 1.2330 	 0.9795 	 0.8442 	2 	 1.4143 	 0.9507 	 0.5788 	
25200 	 9.2 	 0.72 	 1.1752 	 0.9763 	 0.7812 	0 	 1.2692 	 0.9879 	 0.9217 	1 	 1.2352 	 0.9796 	 0.8465 	2 	 1.4163 	 0.9491 	 0.5775 	
25300 	 9.2 	 0.73 	 1.1839 	 0.9674 	 0.7422 	0 	 1.8235 	 0.9603 	 0.7834 	1 	 2.0195 	 0.9226 	 0.5623 	2 	 2.9605 	 0.8416 	 0.2318 	
25400 	 9.3 	 0.72 	 1.1948 	 0.9958 	 0.9453 	0 	 1.2788 	 0.9865 	 0.9119 	1 	 1.2384 	 0.9795 	 0.8447 	2 	 1.4148 	 0.9506 	 0.5762 	
25500 	 9.3 	 0.72 	 1.1750 	 0.9941 	 0.9609 	0 	 1.2825 	 0.9872 	 0.9168 	1 	 1.2348 	 0.9798 	 0.8444 	2 	 1.4134 	 0.9497 	 0.5527 	
25600 	 9.4 	 0.72 	 1.1741 	 0.9914 	 0.9141 	0 	 1.2757 	 0.9879 	 0.9232 	1 	 1.2351 	 0.9799 	 0.8471 	2 	 1.4144 	 0.9501 	 0.5775 	
25700 	 9.4 	 0.73 	 1.1780 	 0.9882 	 0.8906 	0 	 1.2713 	 0.9886 	 0.9262 	1 	 1.2332 	 0.9798 	 0.8483 	2 	 1.4079 	 0.9508 	 0.5788 	
25800 	 9.4 	 0.71 	 1.1731 	 0.9718 	 0.7031 	0 	 1.2765 	 0.9879 	 0.9198 	1 	 1.2347 	 0.9800 	 0.8483 	2 	 1.4085 	 0.9518 	 0.5885 	
25900 	 9.5 	 0.72 	 1.1779 	 0.9906 	 0.9453 	0 	 1.2775 	 0.9892 	 0.9322 	1 	 1.2316 	 0.9800 	 0.8494 	2 	 1.4041 	 0.9528 	 0.6048 	
26000 	 9.5 	 0.72 	 1.1750 	 0.9800 	 0.8516 	0 	 1.2753 	 0.9880 	 0.9243 	1 	 1.2322 	 0.9803 	 0.8524 	2 	 1.4077 	 0.9523 	 0.5859 	
26100 	 9.5 	 0.72 	 1.1761 	 0.9927 	 0.9297 	0 	 1.2738 	 0.9873 	 0.9160 	1 	 1.2303 	 0.9796 	 0.8437 	2 	 1.4069 	 0.9521 	 0.5853 	
26200 	 9.6 	 0.72 	 1.1710 	 0.9869 	 0.8750 	0 	 1.2764 	 0.9866 	 0.9089 	1 	 1.2370 	 0.9792 	 0.8383 	2 	 1.4112 	 0.9509 	 0.5645 	
26300 	 9.6 	 0.72 	 1.1697 	 0.9952 	 0.9688 	0 	 1.2694 	 0.9881 	 0.9202 	1 	 1.2342 	 0.9796 	 0.8456 	2 	 1.4035 	 0.9525 	 0.5911 	
26400 	 9.6 	 0.73 	 1.1813 	 0.9971 	 0.9766 	0 	 1.2797 	 0.9872 	 0.9164 	1 	 1.2317 	 0.9797 	 0.8474 	2 	 1.4018 	 0.9520 	 0.5788 	
26500 	 9.7 	 0.71 	 1.1666 	 0.9881 	 0.8906 	0 	 1.2593 	 0.9885 	 0.9254 	1 	 1.2282 	 0.9803 	 0.8533 	2 	 1.4045 	 0.9524 	 0.5918 	
26600 	 9.7 	 0.72 	 1.1716 	 0.9924 	 0.9531 	0 	 1.2779 	 0.9879 	 0.9224 	1 	 1.2344 	 0.9799 	 0.8490 	2 	 1.4102 	 0.9510 	 0.5755 	
26700 	 9.8 	 0.72 	 1.1757 	 0.9811 	 0.8672 	0 	 1.2756 	 0.9883 	 0.9239 	1 	 1.2292 	 0.9805 	 0.8501 	2 	 1.4014 	 0.9530 	 0.5840 	
26800 	 9.8 	 0.73 	 1.1756 	 0.9821 	 0.8438 	0 	 1.2667 	 0.9883 	 0.9205 	1 	 1.2321 	 0.9805 	 0.8503 	2 	 1.4005 	 0.9526 	 0.5833 	
26900 	 9.8 	 0.73 	 1.1723 	 0.9932 	 0.9375 	0 	 1.2647 	 0.9881 	 0.9198 	1 	 1.2295 	 0.9797 	 0.8469 	2 	 1.3961 	 0.9538 	 0.5872 	
27000 	 9.9 	 0.72 	 1.1719 	 0.9917 	 0.9297 	0 	 1.2630 	 0.9879 	 0.9209 	1 	 1.2367 	 0.9797 	 0.8449 	2 	 1.3962 	 0.9549 	 0.6003 	
27100 	 9.9 	 0.73 	 1.1823 	 0.9852 	 0.8672 	0 	 1.2669 	 0.9889 	 0.9265 	1 	 1.2297 	 0.9799 	 0.8444 	2 	 1.3970 	 0.9540 	 0.5964 	
27200 	 9.9 	 0.73 	 1.1755 	 0.9911 	 0.9141 	0 	 1.2706 	 0.9880 	 0.9209 	1 	 1.2310 	 0.9803 	 0.8481 	2 	 1.3912 	 0.9537 	 0.5866 	
27300 	 10.0 	 0.71 	 1.1744 	 0.9854 	 0.8750 	0 	 1.2692 	 0.9888 	 0.9250 	1 	 1.2324 	 0.9810 	 0.8549 	2 	 1.3893 	 0.9535 	 0.5801 	
27400 	 10.0 	 0.72 	 1.1655 	 0.9972 	 0.9766 	0 	 1.2711 	 0.9891 	 0.9284 	1 	 1.2297 	 0.9804 	 0.8503 	2 	 1.3865 	 0.9545 	 0.5970 	
27500 	 10.0 	 0.72 	 1.1947 	 0.9920 	 0.9297 	0 	 1.2722 	 0.9888 	 0.9258 	1 	 1.2345 	 0.9799 	 0.8471 	2 	 1.3962 	 0.9528 	 0.5755 	
27600 	 10.1 	 0.73 	 1.1767 	 0.9863 	 0.8906 	0 	 1.2804 	 0.9886 	 0.9250 	1 	 1.2324 	 0.9798 	 0.8460 	2 	 1.3929 	 0.9538 	 0.5697 	
27700 	 10.1 	 0.73 	 1.1724 	 0.9924 	 0.9453 	0 	 1.2759 	 0.9890 	 0.9277 	1 	 1.2312 	 0.9801 	 0.8469 	2 	 1.3942 	 0.9539 	 0.5788 	
27800 	 10.2 	 0.72 	 1.1696 	 0.9892 	 0.8906 	0 	 1.2746 	 0.9890 	 0.9303 	1 	 1.2299 	 0.9801 	 0.8481 	2 	 1.3887 	 0.9548 	 0.5892 	
27900 	 10.2 	 0.73 	 1.1729 	 0.9897 	 0.8672 	0 	 1.2738 	 0.9881 	 0.9205 	1 	 1.2280 	 0.9801 	 0.8501 	2 	 1.3869 	 0.9553 	 0.5990 	
28000 	 10.2 	 0.72 	 1.1669 	 0.9778 	 0.8125 	0 	 1.2743 	 0.9883 	 0.9232 	1 	 1.2317 	 0.9796 	 0.8483 	2 	 1.3861 	 0.9554 	 0.5853 	
28100 	 10.3 	 0.71 	 1.1654 	 0.9937 	 0.9375 	0 	 1.2685 	 0.9878 	 0.9202 	1 	 1.2286 	 0.9802 	 0.8506 	2 	 1.3921 	 0.9547 	 0.5853 	
28200 	 10.3 	 0.72 	 1.1632 	 0.9932 	 0.9219 	0 	 1.2695 	 0.9882 	 0.9217 	1 	 1.2294 	 0.9803 	 0.8503 	2 	 1.3882 	 0.9552 	 0.6003 	
28300 	 10.3 	 0.72 	 1.1658 	 0.9781 	 0.7656 	0 	 1.2678 	 0.9882 	 0.9235 	1 	 1.2287 	 0.9808 	 0.8519 	2 	 1.3898 	 0.9535 	 0.5879 	
28400 	 10.4 	 0.72 	 1.1715 	 0.9886 	 0.9141 	0 	 1.2692 	 0.9883 	 0.9243 	1 	 1.2290 	 0.9798 	 0.8456 	2 	 1.3779 	 0.9548 	 0.5801 	
28500 	 10.4 	 0.73 	 1.1710 	 0.9888 	 0.9375 	0 	 1.2733 	 0.9885 	 0.9250 	1 	 1.2291 	 0.9796 	 0.8462 	2 	 1.3845 	 0.9555 	 0.5918 	
28600 	 10.4 	 0.72 	 1.1659 	 0.9871 	 0.9297 	0 	 1.2691 	 0.9884 	 0.9232 	1 	 1.2279 	 0.9798 	 0.8478 	2 	 1.3777 	 0.9562 	 0.5957 	
28700 	 10.5 	 0.72 	 1.1693 	 0.9900 	 0.9062 	0 	 1.2685 	 0.9878 	 0.9194 	1 	 1.2314 	 0.9800 	 0.8476 	2 	 1.3803 	 0.9556 	 0.5898 	
28800 	 10.5 	 0.72 	 1.1851 	 0.9881 	 0.8906 	0 	 1.2683 	 0.9889 	 0.9284 	1 	 1.2350 	 0.9800 	 0.8462 	2 	 1.3834 	 0.9547 	 0.5918 	
28900 	 10.6 	 0.71 	 1.1603 	 0.9920 	 0.9375 	0 	 1.2712 	 0.9897 	 0.9344 	1 	 1.2324 	 0.9798 	 0.8467 	2 	 1.3769 	 0.9561 	 0.5853 	
29000 	 10.6 	 0.72 	 1.1647 	 0.9953 	 0.9688 	0 	 1.2684 	 0.9882 	 0.9224 	1 	 1.2292 	 0.9805 	 0.8519 	2 	 1.3823 	 0.9559 	 0.5996 	
29100 	 10.6 	 0.72 	 1.1603 	 0.9910 	 0.9219 	0 	 1.2586 	 0.9886 	 0.9265 	1 	 1.2246 	 0.9806 	 0.8544 	2 	 1.3875 	 0.9554 	 0.5879 	
29200 	 10.7 	 0.72 	 1.1695 	 0.9890 	 0.9219 	0 	 1.2722 	 0.9888 	 0.9265 	1 	 1.2330 	 0.9800 	 0.8476 	2 	 1.3993 	 0.9542 	 0.5846 	
29300 	 10.7 	 0.72 	 1.1625 	 0.9921 	 0.9141 	0 	 1.2710 	 0.9873 	 0.9187 	1 	 1.2308 	 0.9797 	 0.8440 	2 	 1.3951 	 0.9549 	 0.5820 	
29400 	 10.7 	 0.71 	 1.1617 	 0.9880 	 0.8906 	0 	 1.2661 	 0.9890 	 0.9280 	1 	 1.2315 	 0.9799 	 0.8465 	2 	 1.3908 	 0.9558 	 0.5892 	
29500 	 10.8 	 0.72 	 1.1664 	 0.9913 	 0.9062 	0 	 1.2636 	 0.9888 	 0.9269 	1 	 1.2260 	 0.9803 	 0.8524 	2 	 1.3790 	 0.9571 	 0.5964 	
29600 	 10.8 	 0.72 	 1.1672 	 0.9822 	 0.8203 	0 	 1.2767 	 0.9869 	 0.9127 	1 	 1.2306 	 0.9804 	 0.8462 	2 	 1.3862 	 0.9556 	 0.5807 	
29700 	 10.8 	 0.72 	 1.1823 	 0.9927 	 0.9062 	0 	 1.2748 	 0.9880 	 0.9228 	1 	 1.2353 	 0.9806 	 0.8517 	2 	 1.3979 	 0.9540 	 0.5833 	
29800 	 10.9 	 0.72 	 1.1636 	 0.9882 	 0.8906 	0 	 1.2630 	 0.9882 	 0.9220 	1 	 1.2230 	 0.9808 	 0.8540 	2 	 1.3783 	 0.9568 	 0.6009 	
29900 	 10.9 	 0.73 	 1.1632 	 0.9870 	 0.8906 	0 	 1.2687 	 0.9872 	 0.9164 	1 	 1.2225 	 0.9803 	 0.8478 	2 	 1.3811 	 0.9560 	 0.5996 	
30000 	 11.0 	 0.72 	 1.1698 	 0.9947 	 0.9297 	0 	 1.2666 	 0.9871 	 0.9160 	1 	 1.2237 	 0.9801 	 0.8481 	2 	 1.3831 	 0.9567 	 0.5938 	
30100 	 11.0 	 0.72 	 1.1575 	 0.9819 	 0.8594 	0 	 1.2723 	 0.9870 	 0.9157 	1 	 1.2234 	 0.9807 	 0.8517 	2 	 1.3864 	 0.9553 	 0.5814 	
30200 	 11.0 	 0.72 	 1.1629 	 0.9927 	 0.9219 	0 	 1.2708 	 0.9872 	 0.9164 	1 	 1.2204 	 0.9808 	 0.8533 	2 	 1.3742 	 0.9572 	 0.5990 	
30300 	 11.1 	 0.72 	 1.1666 	 0.9892 	 0.8984 	0 	 1.2621 	 0.9874 	 0.9179 	1 	 1.2215 	 0.9808 	 0.8521 	2 	 1.3787 	 0.9563 	 0.5977 	
30400 	 11.1 	 0.71 	 1.1576 	 0.9912 	 0.9453 	0 	 1.2666 	 0.9882 	 0.9235 	1 	 1.2299 	 0.9801 	 0.8503 	2 	 1.3894 	 0.9557 	 0.6081 	
30500 	 11.1 	 0.73 	 1.1687 	 0.9896 	 0.8828 	0 	 1.2687 	 0.9879 	 0.9213 	1 	 1.2241 	 0.9805 	 0.8528 	2 	 1.3816 	 0.9566 	 0.6029 	
30600 	 11.2 	 0.73 	 1.1695 	 0.9804 	 0.7734 	0 	 1.2546 	 0.9882 	 0.9235 	1 	 1.2229 	 0.9809 	 0.8531 	2 	 1.3709 	 0.9576 	 0.6081 	
30700 	 11.2 	 0.72 	 1.1614 	 0.9948 	 0.9609 	0 	 1.2599 	 0.9892 	 0.9299 	1 	 1.2206 	 0.9817 	 0.8596 	2 	 1.3825 	 0.9563 	 0.6035 	
30800 	 11.3 	 0.73 	 1.1721 	 0.9942 	 0.9219 	0 	 1.2625 	 0.9884 	 0.9254 	1 	 1.2228 	 0.9810 	 0.8542 	2 	 1.3811 	 0.9550 	 0.5827 	
30900 	 11.3 	 0.73 	 1.1604 	 0.9922 	 0.9141 	0 	 1.2635 	 0.9864 	 0.9093 	1 	 1.2229 	 0.9802 	 0.8510 	2 	 1.3834 	 0.9557 	 0.5892 	
31000 	 11.3 	 0.71 	 1.1617 	 0.9971 	 0.9766 	0 	 1.2717 	 0.9869 	 0.9127 	1 	 1.2206 	 0.9806 	 0.8510 	2 	 1.3813 	 0.9552 	 0.5977 	
31100 	 11.4 	 0.72 	 1.1626 	 0.9917 	 0.9297 	0 	 1.2713 	 0.9861 	 0.9067 	1 	 1.2248 	 0.9808 	 0.8519 	2 	 1.3836 	 0.9553 	 0.5853 	
31200 	 11.4 	 0.72 	 1.1662 	 0.9981 	 0.9844 	0 	 1.2645 	 0.9869 	 0.9157 	1 	 1.2240 	 0.9803 	 0.8476 	2 	 1.3806 	 0.9554 	 0.5931 	
31300 	 11.4 	 0.71 	 1.1544 	 0.9932 	 0.9453 	0 	 1.2716 	 0.9864 	 0.9104 	1 	 1.2337 	 0.9796 	 0.8447 	2 	 1.3944 	 0.9524 	 0.5840 	
31400 	 11.5 	 0.72 	 1.1649 	 0.9883 	 0.9297 	0 	 1.2640 	 0.9881 	 0.9217 	1 	 1.2293 	 0.9803 	 0.8485 	2 	 1.3890 	 0.9537 	 0.5892 	
31500 	 11.5 	 0.72 	 1.1600 	 0.9895 	 0.8906 	0 	 1.2655 	 0.9873 	 0.9160 	1 	 1.2223 	 0.9801 	 0.8453 	2 	 1.3787 	 0.9545 	 0.5951 	
31600 	 11.5 	 0.72 	 1.1592 	 0.9873 	 0.8984 	0 	 1.2698 	 0.9877 	 0.9187 	1 	 1.2257 	 0.9797 	 0.8422 	2 	 1.3887 	 0.9533 	 0.5729 	
31700 	 11.6 	 0.73 	 1.1711 	 0.9933 	 0.9453 	0 	 1.2619 	 0.9882 	 0.9239 	1 	 1.2252 	 0.9803 	 0.8476 	2 	 1.3827 	 0.9547 	 0.5905 	
31800 	 11.6 	 0.71 	 1.1560 	 0.9901 	 0.9297 	0 	 1.2536 	 0.9891 	 0.9322 	1 	 1.2223 	 0.9806 	 0.8492 	2 	 1.3795 	 0.9545 	 0.5977 	
31900 	 11.7 	 0.73 	 1.1615 	 0.9972 	 0.9844 	0 	 1.2594 	 0.9876 	 0.9205 	1 	 1.2200 	 0.9806 	 0.8544 	2 	 1.3748 	 0.9551 	 0.5996 	
32000 	 11.7 	 0.71 	 1.1589 	 0.9944 	 0.9609 	0 	 1.2686 	 0.9886 	 0.9269 	1 	 1.2206 	 0.9802 	 0.8506 	2 	 1.3829 	 0.9558 	 0.5951 	
32100 	 11.7 	 0.72 	 1.1604 	 0.9932 	 0.9141 	0 	 1.2635 	 0.9874 	 0.9194 	1 	 1.2188 	 0.9807 	 0.8531 	2 	 1.3824 	 0.9552 	 0.5924 	
32200 	 11.8 	 0.72 	 1.1634 	 0.9907 	 0.9297 	0 	 1.2663 	 0.9881 	 0.9213 	1 	 1.2232 	 0.9802 	 0.8506 	2 	 1.3809 	 0.9556 	 0.6139 	
32300 	 11.8 	 0.72 	 1.1628 	 0.9931 	 0.9531 	0 	 1.2658 	 0.9858 	 0.9040 	1 	 1.2243 	 0.9801 	 0.8442 	2 	 1.3827 	 0.9546 	 0.5944 	
32400 	 11.8 	 0.73 	 1.1621 	 0.9933 	 0.9375 	0 	 1.2662 	 0.9861 	 0.9089 	1 	 1.2299 	 0.9794 	 0.8419 	2 	 1.3784 	 0.9548 	 0.5951 	
32500 	 11.9 	 0.72 	 1.1598 	 0.9894 	 0.9453 	0 	 1.2537 	 0.9885 	 0.9269 	1 	 1.2259 	 0.9810 	 0.8549 	2 	 1.3839 	 0.9565 	 0.5924 	
32600 	 11.9 	 0.72 	 1.1598 	 0.9907 	 0.9062 	0 	 1.2624 	 0.9870 	 0.9119 	1 	 1.2225 	 0.9804 	 0.8474 	2 	 1.3780 	 0.9560 	 0.5964 	
32700 	 11.9 	 0.72 	 1.1510 	 0.9895 	 0.9141 	0 	 1.2688 	 0.9874 	 0.9153 	1 	 1.2200 	 0.9804 	 0.8481 	2 	 1.3730 	 0.9569 	 0.6061 	
32800 	 12.0 	 0.71 	 1.1516 	 0.9817 	 0.7891 	0 	 1.2588 	 0.9873 	 0.9164 	1 	 1.2245 	 0.9797 	 0.8467 	2 	 1.3811 	 0.9557 	 0.5990 	
32900 	 12.0 	 0.71 	 1.1553 	 0.9934 	 0.9453 	0 	 1.2699 	 0.9868 	 0.9142 	1 	 1.2216 	 0.9801 	 0.8462 	2 	 1.3759 	 0.9558 	 0.6003 	
33000 	 12.1 	 0.72 	 1.1561 	 0.9769 	 0.7734 	0 	 1.2701 	 0.9866 	 0.9112 	1 	 1.2200 	 0.9803 	 0.8462 	2 	 1.3817 	 0.9552 	 0.5853 	
33100 	 12.1 	 0.72 	 1.1548 	 0.9869 	 0.8906 	0 	 1.2669 	 0.9873 	 0.9164 	1 	 1.2229 	 0.9808 	 0.8519 	2 	 1.3912 	 0.9536 	 0.5853 	
33200 	 12.1 	 0.72 	 1.1592 	 0.9794 	 0.7734 	0 	 1.2623 	 0.9884 	 0.9258 	1 	 1.2242 	 0.9805 	 0.8510 	2 	 1.3850 	 0.9548 	 0.5892 	
33300 	 12.2 	 0.73 	 1.1604 	 0.9823 	 0.8047 	0 	 1.2633 	 0.9876 	 0.9202 	1 	 1.2231 	 0.9812 	 0.8533 	2 	 1.3802 	 0.9558 	 0.5853 	
33400 	 12.2 	 0.71 	 1.1535 	 0.9981 	 0.9844 	0 	 1.2578 	 0.9884 	 0.9243 	1 	 1.2184 	 0.9814 	 0.8542 	2 	 1.3811 	 0.9539 	 0.5827 	
33500 	 12.2 	 0.72 	 1.1577 	 0.9990 	 0.9922 	0 	 1.2575 	 0.9888 	 0.9265 	1 	 1.2159 	 0.9817 	 0.8603 	2 	 1.3800 	 0.9547 	 0.5944 	
33600 	 12.3 	 0.73 	 1.1616 	 0.9932 	 0.9141 	0 	 1.2503 	 0.9880 	 0.9190 	1 	 1.2188 	 0.9802 	 0.8508 	2 	 1.3814 	 0.9554 	 0.5807 	
33700 	 12.3 	 0.72 	 1.1494 	 0.9905 	 0.9375 	0 	 1.2621 	 0.9890 	 0.9292 	1 	 1.2184 	 0.9812 	 0.8569 	2 	 1.3822 	 0.9557 	 0.5918 	
33800 	 12.3 	 0.71 	 1.1569 	 0.9943 	 0.9688 	0 	 1.2668 	 0.9885 	 0.9247 	1 	 1.2256 	 0.9804 	 0.8506 	2 	 1.3955 	 0.9541 	 0.5879 	
33900 	 12.4 	 0.72 	 1.1600 	 0.9876 	 0.8672 	0 	 1.2655 	 0.9887 	 0.9262 	1 	 1.2179 	 0.9811 	 0.8537 	2 	 1.3783 	 0.9559 	 0.5911 	
34000 	 12.4 	 0.72 	 1.1512 	 0.9780 	 0.7891 	0 	 1.2647 	 0.9868 	 0.9089 	1 	 1.2171 	 0.9806 	 0.8483 	2 	 1.3832 	 0.9550 	 0.5911 	
34100 	 12.5 	 0.72 	 1.1583 	 0.9843 	 0.8750 	0 	 1.2627 	 0.9885 	 0.9254 	1 	 1.2145 	 0.9817 	 0.8608 	2 	 1.3723 	 0.9564 	 0.5951 	
34200 	 12.5 	 0.72 	 1.1610 	 0.9824 	 0.8984 	0 	 1.2486 	 0.9889 	 0.9277 	1 	 1.2181 	 0.9811 	 0.8528 	2 	 1.3734 	 0.9573 	 0.6126 	
34300 	 12.5 	 0.73 	 1.1526 	 0.9896 	 0.9062 	0 	 1.2570 	 0.9893 	 0.9310 	1 	 1.2166 	 0.9812 	 0.8558 	2 	 1.3756 	 0.9567 	 0.5996 	
34400 	 12.6 	 0.73 	 1.1607 	 0.9962 	 0.9766 	0 	 1.2744 	 0.9874 	 0.9179 	1 	 1.2126 	 0.9814 	 0.8551 	2 	 1.3648 	 0.9571 	 0.6133 	
34500 	 12.6 	 0.72 	 1.1505 	 0.9972 	 0.9766 	0 	 1.2603 	 0.9889 	 0.9269 	1 	 1.2150 	 0.9814 	 0.8574 	2 	 1.3665 	 0.9572 	 0.6048 	
34600 	 12.6 	 0.72 	 1.1591 	 0.9890 	 0.9062 	0 	 1.2693 	 0.9897 	 0.9348 	1 	 1.2173 	 0.9812 	 0.8546 	2 	 1.3758 	 0.9583 	 0.6276 	
34700 	 12.7 	 0.72 	 1.1541 	 0.9925 	 0.9062 	0 	 1.2546 	 0.9889 	 0.9258 	1 	 1.2175 	 0.9807 	 0.8533 	2 	 1.3697 	 0.9571 	 0.6191 	
34800 	 12.7 	 0.73 	 1.1590 	 0.9907 	 0.9062 	0 	 1.2675 	 0.9874 	 0.9172 	1 	 1.2195 	 0.9806 	 0.8512 	2 	 1.3796 	 0.9554 	 0.6016 	
34900 	 12.7 	 0.72 	 1.1570 	 0.9953 	 0.9688 	0 	 1.2507 	 0.9876 	 0.9209 	1 	 1.2166 	 0.9815 	 0.8540 	2 	 1.3719 	 0.9568 	 0.6133 	
35000 	 12.8 	 0.72 	 1.1570 	 0.9866 	 0.8594 	0 	 1.2641 	 0.9870 	 0.9142 	1 	 1.2197 	 0.9808 	 0.8462 	2 	 1.3769 	 0.9566 	 0.5918 	
35100 	 12.8 	 0.72 	 1.1531 	 0.9886 	 0.8828 	0 	 1.2612 	 0.9869 	 0.9115 	1 	 1.2171 	 0.9814 	 0.8531 	2 	 1.3760 	 0.9570 	 0.6042 	
35200 	 12.9 	 0.72 	 1.1536 	 0.9855 	 0.8906 	0 	 1.2544 	 0.9883 	 0.9243 	1 	 1.2186 	 0.9816 	 0.8549 	2 	 1.3797 	 0.9559 	 0.5944 	
35300 	 12.9 	 0.72 	 1.1511 	 0.9952 	 0.9688 	0 	 1.2699 	 0.9890 	 0.9295 	1 	 1.2126 	 0.9821 	 0.8599 	2 	 1.3623 	 0.9564 	 0.6048 	
35400 	 12.9 	 0.72 	 1.1538 	 0.9892 	 0.8984 	0 	 1.2588 	 0.9881 	 0.9224 	1 	 1.2226 	 0.9811 	 0.8517 	2 	 1.3780 	 0.9557 	 0.6094 	
35500 	 13.0 	 0.72 	 1.1500 	 0.9971 	 0.9766 	0 	 1.2570 	 0.9886 	 0.9239 	1 	 1.2211 	 0.9803 	 0.8492 	2 	 1.3753 	 0.9572 	 0.6257 	
35600 	 13.0 	 0.72 	 1.1491 	 0.9888 	 0.9375 	0 	 1.2546 	 0.9886 	 0.9258 	1 	 1.2240 	 0.9807 	 0.8537 	2 	 1.3749 	 0.9560 	 0.6113 	
35700 	 13.0 	 0.73 	 1.1573 	 0.9711 	 0.7656 	0 	 1.2596 	 0.9878 	 0.9194 	1 	 1.2235 	 0.9804 	 0.8471 	2 	 1.3776 	 0.9572 	 0.6081 	
35800 	 13.1 	 0.72 	 1.1478 	 0.9964 	 0.9609 	0 	 1.2589 	 0.9881 	 0.9190 	1 	 1.2177 	 0.9811 	 0.8531 	2 	 1.3707 	 0.9575 	 0.6035 	
35900 	 13.1 	 0.72 	 1.1530 	 0.9879 	 0.9141 	0 	 1.2724 	 0.9889 	 0.9292 	1 	 1.2202 	 0.9807 	 0.8499 	2 	 1.3782 	 0.9551 	 0.5951 	
36000 	 13.2 	 0.72 	 1.1483 	 0.9795 	 0.8438 	0 	 1.2666 	 0.9883 	 0.9217 	1 	 1.2157 	 0.9812 	 0.8535 	2 	 1.3673 	 0.9574 	 0.6022 	
36100 	 13.2 	 0.73 	 1.1570 	 0.9770 	 0.7891 	0 	 1.2707 	 0.9875 	 0.9168 	1 	 1.2232 	 0.9805 	 0.8478 	2 	 1.3752 	 0.9560 	 0.5931 	
36200 	 13.2 	 0.72 	 1.1464 	 0.9893 	 0.8984 	0 	 1.2708 	 0.9876 	 0.9179 	1 	 1.2188 	 0.9809 	 0.8556 	2 	 1.3721 	 0.9572 	 0.6061 	
36300 	 13.3 	 0.72 	 1.1544 	 0.9926 	 0.9219 	0 	 1.2783 	 0.9868 	 0.9100 	1 	 1.2212 	 0.9806 	 0.8515 	2 	 1.3745 	 0.9569 	 0.5898 	
36400 	 13.3 	 0.72 	 1.1488 	 0.9951 	 0.9766 	0 	 1.2719 	 0.9881 	 0.9198 	1 	 1.2164 	 0.9807 	 0.8519 	2 	 1.3664 	 0.9572 	 0.6081 	
36500 	 13.3 	 0.72 	 1.1512 	 0.9870 	 0.9141 	0 	 1.2687 	 0.9873 	 0.9145 	1 	 1.2244 	 0.9803 	 0.8483 	2 	 1.3780 	 0.9562 	 0.6081 	
36600 	 13.4 	 0.72 	 1.1551 	 0.9738 	 0.7656 	0 	 1.2641 	 0.9872 	 0.9123 	1 	 1.2153 	 0.9811 	 0.8519 	2 	 1.3648 	 0.9571 	 0.6061 	
36700 	 13.4 	 0.73 	 1.1568 	 0.9862 	 0.8672 	0 	 1.2717 	 0.9886 	 0.9239 	1 	 1.2180 	 0.9810 	 0.8524 	2 	 1.3712 	 0.9566 	 0.6009 	
36800 	 13.4 	 0.72 	 1.1546 	 0.9963 	 0.9688 	0 	 1.2736 	 0.9882 	 0.9205 	1 	 1.2163 	 0.9812 	 0.8528 	2 	 1.3620 	 0.9579 	 0.6146 	
36900 	 13.5 	 0.72 	 1.1452 	 0.9952 	 0.9609 	0 	 1.2717 	 0.9883 	 0.9202 	1 	 1.2147 	 0.9816 	 0.8546 	2 	 1.3700 	 0.9577 	 0.5938 	
37000 	 13.5 	 0.72 	 1.1506 	 0.9943 	 0.9688 	0 	 1.2703 	 0.9875 	 0.9157 	1 	 1.2173 	 0.9806 	 0.8478 	2 	 1.3708 	 0.9566 	 0.5911 	
37100 	 13.6 	 0.73 	 1.1531 	 0.9897 	 0.9297 	0 	 1.2639 	 0.9876 	 0.9168 	1 	 1.2252 	 0.9803 	 0.8501 	2 	 1.3803 	 0.9551 	 0.5918 	
37200 	 13.6 	 0.72 	 1.1473 	 0.9972 	 0.9766 	0 	 1.2686 	 0.9878 	 0.9168 	1 	 1.2175 	 0.9806 	 0.8496 	2 	 1.3740 	 0.9567 	 0.5885 	
37300 	 13.6 	 0.73 	 1.1485 	 0.9868 	 0.8359 	0 	 1.2670 	 0.9883 	 0.9224 	1 	 1.2104 	 0.9813 	 0.8567 	2 	 1.3667 	 0.9580 	 0.6068 	
37400 	 13.7 	 0.71 	 1.1463 	 0.9917 	 0.9062 	0 	 1.2671 	 0.9880 	 0.9209 	1 	 1.2134 	 0.9809 	 0.8533 	2 	 1.3709 	 0.9576 	 0.6048 	
37500 	 13.7 	 0.73 	 1.1574 	 0.9915 	 0.9141 	0 	 1.2778 	 0.9866 	 0.9089 	1 	 1.2101 	 0.9809 	 0.8526 	2 	 1.3634 	 0.9579 	 0.6061 	
37600 	 13.7 	 0.74 	 1.1499 	 0.9864 	 0.9141 	0 	 1.2746 	 0.9874 	 0.9164 	1 	 1.2133 	 0.9810 	 0.8553 	2 	 1.3683 	 0.9577 	 0.6230 	
37700 	 13.8 	 0.74 	 1.1565 	 0.9918 	 0.9297 	0 	 1.2798 	 0.9862 	 0.9067 	1 	 1.2146 	 0.9808 	 0.8490 	2 	 1.3687 	 0.9579 	 0.6107 	
37800 	 13.8 	 0.73 	 1.1477 	 0.9927 	 0.9375 	0 	 1.2673 	 0.9879 	 0.9179 	1 	 1.2124 	 0.9810 	 0.8565 	2 	 1.3670 	 0.9577 	 0.6094 	
37900 	 13.8 	 0.72 	 1.1466 	 0.9915 	 0.9531 	0 	 1.2683 	 0.9887 	 0.9239 	1 	 1.2118 	 0.9813 	 0.8562 	2 	 1.3674 	 0.9576 	 0.6094 	
38000 	 13.9 	 0.72 	 1.1528 	 0.9927 	 0.9375 	0 	 1.2670 	 0.9871 	 0.9119 	1 	 1.2169 	 0.9806 	 0.8471 	2 	 1.3728 	 0.9575 	 0.6016 	
38100 	 13.9 	 0.73 	 1.1513 	 0.9927 	 0.9141 	0 	 1.2690 	 0.9886 	 0.9232 	1 	 1.2101 	 0.9811 	 0.8581 	2 	 1.3645 	 0.9576 	 0.6048 	
38200 	 14.0 	 0.72 	 1.1483 	 0.9779 	 0.7969 	0 	 1.2573 	 0.9884 	 0.9235 	1 	 1.2103 	 0.9813 	 0.8596 	2 	 1.3646 	 0.9578 	 0.6133 	
38300 	 14.0 	 0.72 	 1.1493 	 0.9858 	 0.8828 	0 	 1.2662 	 0.9872 	 0.9149 	1 	 1.2143 	 0.9809 	 0.8562 	2 	 1.3765 	 0.9581 	 0.6211 	
38400 	 14.0 	 0.73 	 1.1486 	 0.9925 	 0.9141 	0 	 1.2688 	 0.9887 	 0.9228 	1 	 1.2095 	 0.9817 	 0.8583 	2 	 1.3677 	 0.9575 	 0.6159 	
38500 	 14.1 	 0.72 	 1.1509 	 0.9876 	 0.8906 	0 	 1.2628 	 0.9879 	 0.9183 	1 	 1.2119 	 0.9816 	 0.8574 	2 	 1.3689 	 0.9570 	 0.6100 	
38600 	 14.1 	 0.73 	 1.1451 	 0.9931 	 0.9062 	0 	 1.2555 	 0.9878 	 0.9187 	1 	 1.2084 	 0.9817 	 0.8592 	2 	 1.3637 	 0.9582 	 0.6263 	
38700 	 14.1 	 0.72 	 1.1509 	 0.9893 	 0.9219 	0 	 1.2714 	 0.9889 	 0.9265 	1 	 1.2126 	 0.9815 	 0.8592 	2 	 1.3794 	 0.9569 	 0.6029 	
38800 	 14.2 	 0.72 	 1.1489 	 0.9873 	 0.8828 	0 	 1.2646 	 0.9883 	 0.9217 	1 	 1.2119 	 0.9815 	 0.8608 	2 	 1.3680 	 0.9576 	 0.6126 	
38900 	 14.2 	 0.72 	 1.1421 	 0.9971 	 0.9766 	0 	 1.2602 	 0.9878 	 0.9190 	1 	 1.2156 	 0.9813 	 0.8567 	2 	 1.3757 	 0.9563 	 0.5970 	
39000 	 14.2 	 0.70 	 1.1427 	 0.9969 	 0.9531 	0 	 1.2641 	 0.9876 	 0.9179 	1 	 1.2120 	 0.9812 	 0.8531 	2 	 1.3668 	 0.9574 	 0.5957 	
39100 	 14.3 	 0.72 	 1.1805 	 0.9944 	 0.9531 	0 	 1.2701 	 0.9888 	 0.9292 	1 	 1.2151 	 0.9815 	 0.8610 	2 	 1.3665 	 0.9576 	 0.6159 	
39200 	 14.3 	 0.72 	 1.1516 	 0.9906 	 0.9141 	0 	 1.2766 	 0.9881 	 0.9198 	1 	 1.2138 	 0.9811 	 0.8556 	2 	 1.3704 	 0.9569 	 0.6074 	
39300 	 14.4 	 0.72 	 1.1432 	 0.9885 	 0.9062 	0 	 1.2550 	 0.9888 	 0.9239 	1 	 1.2150 	 0.9810 	 0.8542 	2 	 1.3688 	 0.9561 	 0.5951 	
39400 	 14.4 	 0.72 	 1.1487 	 0.9900 	 0.8906 	0 	 1.2680 	 0.9891 	 0.9292 	1 	 1.2146 	 0.9812 	 0.8583 	2 	 1.3682 	 0.9564 	 0.6146 	
39500 	 14.4 	 0.72 	 1.1438 	 0.9922 	 0.8984 	0 	 1.2701 	 0.9889 	 0.9254 	1 	 1.2155 	 0.9813 	 0.8583 	2 	 1.3702 	 0.9569 	 0.6042 	
39600 	 14.5 	 0.71 	 1.1413 	 0.9944 	 0.9688 	0 	 1.2554 	 0.9870 	 0.9134 	1 	 1.2177 	 0.9806 	 0.8496 	2 	 1.3753 	 0.9563 	 0.6016 	
39700 	 14.5 	 0.72 	 1.1442 	 0.9921 	 0.9062 	0 	 1.2685 	 0.9884 	 0.9220 	1 	 1.2125 	 0.9813 	 0.8549 	2 	 1.3718 	 0.9582 	 0.6211 	
39800 	 14.5 	 0.72 	 1.1476 	 0.9872 	 0.8828 	0 	 1.2549 	 0.9882 	 0.9183 	1 	 1.2087 	 0.9812 	 0.8540 	2 	 1.3614 	 0.9580 	 0.6159 	
39900 	 14.6 	 0.72 	 1.1509 	 0.9962 	 0.9688 	0 	 1.2603 	 0.9885 	 0.9213 	1 	 1.2149 	 0.9807 	 0.8535 	2 	 1.3653 	 0.9585 	 0.6276 	
40000 	 14.6 	 0.72 	 1.1522 	 0.9923 	 0.9688 	0 	 1.2595 	 0.9881 	 0.9213 	1 	 1.2181 	 0.9804 	 0.8496 	2 	 1.3653 	 0.9574 	 0.6042 	
40100 	 14.6 	 0.72 	 1.1407 	 0.9958 	 0.9453 	0 	 1.2600 	 0.9883 	 0.9198 	1 	 1.2112 	 0.9808 	 0.8533 	2 	 1.3683 	 0.9570 	 0.6146 	
40200 	 14.7 	 0.72 	 1.1437 	 0.9909 	 0.9062 	0 	 1.2635 	 0.9892 	 0.9284 	1 	 1.2128 	 0.9815 	 0.8567 	2 	 1.3644 	 0.9581 	 0.6198 	
40300 	 14.7 	 0.72 	 1.1408 	 0.9961 	 0.9688 	0 	 1.2529 	 0.9888 	 0.9262 	1 	 1.2117 	 0.9820 	 0.8640 	2 	 1.3647 	 0.9577 	 0.6152 	
40400 	 14.8 	 0.73 	 1.1493 	 0.9943 	 0.9688 	0 	 1.2580 	 0.9892 	 0.9295 	1 	 1.2101 	 0.9815 	 0.8567 	2 	 1.3633 	 0.9566 	 0.6204 	
40500 	 14.8 	 0.71 	 1.1449 	 0.9971 	 0.9766 	0 	 1.2680 	 0.9879 	 0.9217 	1 	 1.2135 	 0.9810 	 0.8524 	2 	 1.3686 	 0.9562 	 0.6016 	
40600 	 14.8 	 0.72 	 1.1456 	 0.9874 	 0.9219 	0 	 1.2645 	 0.9889 	 0.9280 	1 	 1.2114 	 0.9816 	 0.8590 	2 	 1.3703 	 0.9567 	 0.6087 	
40700 	 14.9 	 0.73 	 1.1496 	 0.9802 	 0.8125 	0 	 1.2687 	 0.9891 	 0.9265 	1 	 1.2097 	 0.9818 	 0.8608 	2 	 1.3630 	 0.9582 	 0.6302 	
40800 	 14.9 	 0.72 	 1.1405 	 0.9972 	 0.9766 	0 	 1.2771 	 0.9885 	 0.9217 	1 	 1.2100 	 0.9818 	 0.8633 	2 	 1.3624 	 0.9579 	 0.6237 	
40900 	 14.9 	 0.72 	 1.1419 	 0.9840 	 0.8750 	0 	 1.2689 	 0.9883 	 0.9228 	1 	 1.2113 	 0.9810 	 0.8553 	2 	 1.3675 	 0.9576 	 0.6211 	
41000 	 15.0 	 0.72 	 1.1430 	 0.9843 	 0.8203 	0 	 1.2901 	 0.9894 	 0.9303 	1 	 1.2123 	 0.9814 	 0.8615 	2 	 1.3711 	 0.9572 	 0.6230 	
41100 	 15.0 	 0.72 	 1.1404 	 0.9918 	 0.9062 	0 	 1.2744 	 0.9873 	 0.9134 	1 	 1.2110 	 0.9806 	 0.8490 	2 	 1.3681 	 0.9571 	 0.6165 	
41200 	 15.1 	 0.72 	 1.1630 	 0.9900 	 0.8906 	0 	 1.2719 	 0.9862 	 0.9044 	1 	 1.2092 	 0.9807 	 0.8481 	2 	 1.3611 	 0.9591 	 0.6296 	
41300 	 15.1 	 0.72 	 1.1486 	 0.9890 	 0.9297 	0 	 1.2904 	 0.9868 	 0.9100 	1 	 1.2121 	 0.9808 	 0.8494 	2 	 1.3641 	 0.9576 	 0.6257 	
41400 	 15.1 	 0.71 	 1.1352 	 0.9835 	 0.8125 	0 	 1.2816 	 0.9879 	 0.9183 	1 	 1.2092 	 0.9812 	 0.8583 	2 	 1.3647 	 0.9581 	 0.6328 	
41500 	 15.2 	 0.72 	 1.1437 	 0.9971 	 0.9766 	0 	 1.2739 	 0.9875 	 0.9157 	1 	 1.2082 	 0.9810 	 0.8560 	2 	 1.3618 	 0.9577 	 0.6185 	
41600 	 15.2 	 0.72 	 1.1407 	 0.9947 	 0.9531 	0 	 1.2819 	 0.9878 	 0.9157 	1 	 1.2098 	 0.9808 	 0.8528 	2 	 1.3636 	 0.9569 	 0.6048 	
41700 	 15.2 	 0.72 	 1.1427 	 0.9962 	 0.9766 	0 	 1.2687 	 0.9877 	 0.9187 	1 	 1.2108 	 0.9814 	 0.8596 	2 	 1.3686 	 0.9575 	 0.6217 	
41800 	 15.3 	 0.73 	 1.1428 	 0.9944 	 0.9766 	0 	 1.2780 	 0.9861 	 0.9052 	1 	 1.2087 	 0.9807 	 0.8501 	2 	 1.3667 	 0.9563 	 0.6029 	
41900 	 15.3 	 0.72 	 1.1432 	 0.9905 	 0.9141 	0 	 1.2876 	 0.9893 	 0.9284 	1 	 1.2064 	 0.9820 	 0.8630 	2 	 1.3559 	 0.9596 	 0.6452 	
42000 	 15.3 	 0.72 	 1.1383 	 0.9842 	 0.9141 	0 	 1.2867 	 0.9877 	 0.9187 	1 	 1.2142 	 0.9803 	 0.8506 	2 	 1.3735 	 0.9580 	 0.6276 	
42100 	 15.4 	 0.72 	 1.1413 	 0.9863 	 0.9062 	0 	 1.2810 	 0.9875 	 0.9142 	1 	 1.2086 	 0.9810 	 0.8535 	2 	 1.3649 	 0.9586 	 0.6237 	
42200 	 15.4 	 0.72 	 1.1441 	 0.9952 	 0.9531 	0 	 1.2930 	 0.9873 	 0.9130 	1 	 1.2068 	 0.9814 	 0.8590 	2 	 1.3633 	 0.9584 	 0.6302 	
42300 	 15.5 	 0.72 	 1.1481 	 0.9927 	 0.9219 	0 	 1.2809 	 0.9866 	 0.9089 	1 	 1.2106 	 0.9805 	 0.8465 	2 	 1.3641 	 0.9584 	 0.6296 	
42400 	 15.5 	 0.72 	 1.1442 	 0.9981 	 0.9844 	0 	 1.2700 	 0.9868 	 0.9112 	1 	 1.2101 	 0.9814 	 0.8546 	2 	 1.3657 	 0.9588 	 0.6126 	
42500 	 15.5 	 0.71 	 1.1456 	 0.9936 	 0.9219 	0 	 1.2719 	 0.9874 	 0.9145 	1 	 1.2100 	 0.9816 	 0.8615 	2 	 1.3675 	 0.9573 	 0.6230 	
42600 	 15.6 	 0.72 	 1.1318 	 0.9951 	 0.9688 	0 	 1.2684 	 0.9870 	 0.9127 	1 	 1.2023 	 0.9821 	 0.8642 	2 	 1.3610 	 0.9586 	 0.6289 	
42700 	 15.6 	 0.72 	 1.1395 	 0.9963 	 0.9609 	0 	 1.2625 	 0.9885 	 0.9220 	1 	 1.2088 	 0.9817 	 0.8605 	2 	 1.3613 	 0.9587 	 0.6224 	
42800 	 15.6 	 0.73 	 1.1408 	 0.9927 	 0.9219 	0 	 1.2760 	 0.9889 	 0.9232 	1 	 1.2035 	 0.9816 	 0.8601 	2 	 1.3600 	 0.9573 	 0.6230 	
42900 	 15.7 	 0.72 	 1.1314 	 0.9907 	 0.8984 	0 	 1.2637 	 0.9881 	 0.9175 	1 	 1.2058 	 0.9810 	 0.8544 	2 	 1.3595 	 0.9580 	 0.6263 	
43000 	 15.7 	 0.72 	 1.1407 	 0.9928 	 0.9141 	0 	 1.2699 	 0.9890 	 0.9254 	1 	 1.2088 	 0.9821 	 0.8644 	2 	 1.3631 	 0.9575 	 0.6204 	
43100 	 15.7 	 0.73 	 1.1487 	 0.9904 	 0.9219 	0 	 1.2613 	 0.9893 	 0.9265 	1 	 1.2048 	 0.9820 	 0.8624 	2 	 1.3529 	 0.9588 	 0.6270 	
43200 	 15.8 	 0.72 	 1.1393 	 0.9913 	 0.9141 	0 	 1.2589 	 0.9879 	 0.9179 	1 	 1.2098 	 0.9819 	 0.8605 	2 	 1.3662 	 0.9569 	 0.6185 	
43300 	 15.8 	 0.73 	 1.1450 	 0.9971 	 0.9766 	0 	 1.2633 	 0.9886 	 0.9217 	1 	 1.2052 	 0.9818 	 0.8624 	2 	 1.3586 	 0.9580 	 0.6107 	
43400 	 15.9 	 0.73 	 1.1444 	 0.9891 	 0.9375 	0 	 1.2728 	 0.9877 	 0.9149 	1 	 1.2102 	 0.9806 	 0.8519 	2 	 1.3668 	 0.9562 	 0.6068 	
43500 	 15.9 	 0.73 	 1.1381 	 0.9952 	 0.9609 	0 	 1.2707 	 0.9877 	 0.9157 	1 	 1.2072 	 0.9814 	 0.8599 	2 	 1.3602 	 0.9580 	 0.6191 	
43600 	 15.9 	 0.73 	 1.1457 	 0.9962 	 0.9688 	0 	 1.2618 	 0.9883 	 0.9198 	1 	 1.2102 	 0.9812 	 0.8583 	2 	 1.3565 	 0.9580 	 0.6270 	
43700 	 16.0 	 0.72 	 1.1374 	 0.9971 	 0.9766 	0 	 1.2676 	 0.9872 	 0.9123 	1 	 1.2024 	 0.9826 	 0.8678 	2 	 1.3498 	 0.9589 	 0.6322 	
43800 	 16.0 	 0.72 	 1.1400 	 0.9963 	 0.9688 	0 	 1.2537 	 0.9883 	 0.9220 	1 	 1.2083 	 0.9813 	 0.8610 	2 	 1.3602 	 0.9571 	 0.6133 	
43900 	 16.0 	 0.72 	 1.1416 	 0.9958 	 0.9609 	0 	 1.2694 	 0.9873 	 0.9149 	1 	 1.2099 	 0.9813 	 0.8608 	2 	 1.3618 	 0.9570 	 0.6159 	
44000 	 16.1 	 0.72 	 1.1402 	 0.9890 	 0.9141 	0 	 1.2683 	 0.9878 	 0.9164 	1 	 1.2110 	 0.9809 	 0.8544 	2 	 1.3667 	 0.9569 	 0.6081 	
44100 	 16.1 	 0.72 	 1.1339 	 0.9963 	 0.9531 	0 	 1.2692 	 0.9876 	 0.9157 	1 	 1.2080 	 0.9809 	 0.8558 	2 	 1.3637 	 0.9574 	 0.6035 	
44200 	 16.1 	 0.72 	 1.1424 	 0.9923 	 0.9219 	0 	 1.2515 	 0.9879 	 0.9187 	1 	 1.2070 	 0.9821 	 0.8642 	2 	 1.3685 	 0.9561 	 0.6048 	
44300 	 16.2 	 0.73 	 1.1396 	 0.9895 	 0.8984 	0 	 1.2561 	 0.9887 	 0.9232 	1 	 1.2067 	 0.9819 	 0.8644 	2 	 1.3668 	 0.9561 	 0.6087 	
44400 	 16.2 	 0.73 	 1.1428 	 0.9882 	 0.9219 	0 	 1.2554 	 0.9875 	 0.9145 	1 	 1.2090 	 0.9812 	 0.8569 	2 	 1.3626 	 0.9568 	 0.6022 	
44500 	 16.3 	 0.72 	 1.1419 	 0.9970 	 0.9766 	0 	 1.2595 	 0.9883 	 0.9220 	1 	 1.2041 	 0.9821 	 0.8637 	2 	 1.3565 	 0.9585 	 0.6165 	
44600 	 16.3 	 0.74 	 1.1410 	 0.9889 	 0.8984 	0 	 1.2655 	 0.9871 	 0.9127 	1 	 1.2196 	 0.9811 	 0.8556 	2 	 1.3730 	 0.9566 	 0.6198 	
44700 	 16.3 	 0.72 	 1.1434 	 0.9953 	 0.9297 	0 	 1.2601 	 0.9884 	 0.9232 	1 	 1.2042 	 0.9819 	 0.8628 	2 	 1.3493 	 0.9586 	 0.6276 	
44800 	 16.4 	 0.72 	 1.1345 	 0.9849 	 0.7578 	0 	 1.2567 	 0.9869 	 0.9104 	1 	 1.2114 	 0.9807 	 0.8501 	2 	 1.3674 	 0.9570 	 0.6152 	
44900 	 16.4 	 0.72 	 1.1393 	 0.9907 	 0.9531 	0 	 1.2597 	 0.9888 	 0.9250 	1 	 1.2021 	 0.9820 	 0.8655 	2 	 1.3569 	 0.9580 	 0.6185 	
45000 	 16.4 	 0.72 	 1.1449 	 0.9962 	 0.9688 	0 	 1.2625 	 0.9869 	 0.9119 	1 	 1.2089 	 0.9813 	 0.8574 	2 	 1.3666 	 0.9565 	 0.6159 	
45100 	 16.5 	 0.72 	 1.1361 	 0.9972 	 0.9766 	0 	 1.2495 	 0.9899 	 0.9355 	1 	 1.2030 	 0.9822 	 0.8637 	2 	 1.3573 	 0.9580 	 0.6335 	
45200 	 16.5 	 0.73 	 1.1339 	 0.9964 	 0.9531 	0 	 1.2566 	 0.9881 	 0.9198 	1 	 1.2060 	 0.9814 	 0.8619 	2 	 1.3608 	 0.9571 	 0.6133 	
45300 	 16.5 	 0.72 	 1.1394 	 0.9911 	 0.9219 	0 	 1.2525 	 0.9882 	 0.9213 	1 	 1.2042 	 0.9817 	 0.8601 	2 	 1.3602 	 0.9577 	 0.6165 	
45400 	 16.6 	 0.72 	 1.1301 	 0.9963 	 0.9609 	0 	 1.2595 	 0.9880 	 0.9205 	1 	 1.2060 	 0.9821 	 0.8646 	2 	 1.3623 	 0.9574 	 0.6133 	
45500 	 16.6 	 0.72 	 1.1337 	 0.9797 	 0.8359 	0 	 1.2457 	 0.9880 	 0.9190 	1 	 1.2043 	 0.9822 	 0.8646 	2 	 1.3616 	 0.9584 	 0.6289 	
45600 	 16.7 	 0.72 	 1.1343 	 0.9911 	 0.9141 	0 	 1.2571 	 0.9876 	 0.9172 	1 	 1.2036 	 0.9816 	 0.8605 	2 	 1.3606 	 0.9574 	 0.6283 	
45700 	 16.7 	 0.73 	 1.1426 	 0.9905 	 0.9219 	0 	 1.2504 	 0.9884 	 0.9254 	1 	 1.2057 	 0.9817 	 0.8646 	2 	 1.3652 	 0.9579 	 0.6191 	
45800 	 16.7 	 0.72 	 1.1391 	 0.9957 	 0.9453 	0 	 1.2410 	 0.9881 	 0.9209 	1 	 1.2039 	 0.9816 	 0.8633 	2 	 1.3628 	 0.9579 	 0.6270 	
45900 	 16.8 	 0.73 	 1.1331 	 0.9959 	 0.9531 	0 	 1.2505 	 0.9880 	 0.9202 	1 	 1.2135 	 0.9814 	 0.8603 	2 	 1.3744 	 0.9562 	 0.6172 	
46000 	 16.8 	 0.73 	 1.1406 	 0.9915 	 0.9453 	0 	 1.2412 	 0.9887 	 0.9254 	1 	 1.2043 	 0.9816 	 0.8633 	2 	 1.3632 	 0.9580 	 0.6296 	
46100 	 16.8 	 0.72 	 1.1433 	 0.9877 	 0.8984 	0 	 1.2501 	 0.9886 	 0.9220 	1 	 1.2061 	 0.9819 	 0.8667 	2 	 1.3628 	 0.9587 	 0.6276 	
46200 	 16.9 	 0.72 	 1.1335 	 0.9981 	 0.9844 	0 	 1.2569 	 0.9883 	 0.9213 	1 	 1.2072 	 0.9813 	 0.8630 	2 	 1.3666 	 0.9572 	 0.6302 	
46300 	 16.9 	 0.73 	 1.1365 	 0.9895 	 0.8828 	0 	 1.2536 	 0.9883 	 0.9217 	1 	 1.2065 	 0.9815 	 0.8610 	2 	 1.3634 	 0.9572 	 0.6328 	
46400 	 17.0 	 0.72 	 1.1299 	 0.9902 	 0.9219 	0 	 1.2528 	 0.9881 	 0.9187 	1 	 1.2075 	 0.9812 	 0.8569 	2 	 1.3609 	 0.9572 	 0.6165 	
46500 	 17.0 	 0.72 	 1.1337 	 0.9980 	 0.9688 	0 	 1.2594 	 0.9888 	 0.9250 	1 	 1.2058 	 0.9818 	 0.8590 	2 	 1.3670 	 0.9570 	 0.6133 	
46600 	 17.0 	 0.71 	 1.1348 	 0.9881 	 0.9219 	0 	 1.2403 	 0.9878 	 0.9160 	1 	 1.2124 	 0.9812 	 0.8528 	2 	 1.3691 	 0.9570 	 0.6094 	
46700 	 17.1 	 0.71 	 1.1380 	 0.9961 	 0.9688 	0 	 1.2482 	 0.9896 	 0.9292 	1 	 1.2016 	 0.9822 	 0.8646 	2 	 1.3641 	 0.9582 	 0.6243 	
46800 	 17.1 	 0.72 	 1.1390 	 0.9830 	 0.8359 	0 	 1.2457 	 0.9896 	 0.9299 	1 	 1.2006 	 0.9825 	 0.8687 	2 	 1.3559 	 0.9600 	 0.6458 	
46900 	 17.1 	 0.72 	 1.1365 	 0.9962 	 0.9844 	0 	 1.2438 	 0.9880 	 0.9194 	1 	 1.2037 	 0.9815 	 0.8603 	2 	 1.3646 	 0.9571 	 0.6348 	
47000 	 17.2 	 0.73 	 1.1406 	 0.9932 	 0.9219 	0 	 1.2483 	 0.9897 	 0.9340 	1 	 1.2044 	 0.9818 	 0.8635 	2 	 1.3574 	 0.9575 	 0.6367 	
47100 	 17.2 	 0.72 	 1.1307 	 0.9934 	 0.9609 	0 	 1.2527 	 0.9890 	 0.9269 	1 	 1.2050 	 0.9813 	 0.8578 	2 	 1.3482 	 0.9596 	 0.6497 	
47200 	 17.2 	 0.73 	 1.1413 	 0.9866 	 0.8828 	0 	 1.2510 	 0.9889 	 0.9273 	1 	 1.2014 	 0.9818 	 0.8637 	2 	 1.3530 	 0.9580 	 0.6315 	
47300 	 17.3 	 0.72 	 1.1366 	 0.9928 	 0.9141 	0 	 1.2605 	 0.9896 	 0.9314 	1 	 1.2032 	 0.9815 	 0.8628 	2 	 1.3480 	 0.9588 	 0.6374 	
47400 	 17.3 	 0.73 	 1.1367 	 0.9990 	 0.9922 	0 	 1.2556 	 0.9894 	 0.9303 	1 	 1.2058 	 0.9816 	 0.8640 	2 	 1.3542 	 0.9580 	 0.6224 	
47500 	 17.4 	 0.73 	 1.1386 	 0.9928 	 0.9062 	0 	 1.2626 	 0.9881 	 0.9194 	1 	 1.2089 	 0.9810 	 0.8576 	2 	 1.3609 	 0.9568 	 0.6172 	
47600 	 17.4 	 0.73 	 1.1407 	 0.9932 	 0.9375 	0 	 1.2720 	 0.9887 	 0.9217 	1 	 1.2077 	 0.9811 	 0.8590 	2 	 1.3559 	 0.9572 	 0.6230 	
47700 	 17.4 	 0.71 	 1.1294 	 0.9921 	 0.9062 	0 	 1.2607 	 0.9882 	 0.9190 	1 	 1.2092 	 0.9813 	 0.8585 	2 	 1.3561 	 0.9590 	 0.6250 	
47800 	 17.5 	 0.72 	 1.1380 	 0.9895 	 0.8984 	0 	 1.2590 	 0.9883 	 0.9205 	1 	 1.2081 	 0.9811 	 0.8590 	2 	 1.3568 	 0.9592 	 0.6374 	
47900 	 17.5 	 0.73 	 1.1327 	 0.9896 	 0.8984 	0 	 1.2557 	 0.9888 	 0.9262 	1 	 1.2077 	 0.9818 	 0.8655 	2 	 1.3550 	 0.9590 	 0.6380 	
48000 	 17.5 	 0.73 	 1.1334 	 0.9953 	 0.9453 	0 	 1.2593 	 0.9886 	 0.9239 	1 	 1.2104 	 0.9809 	 0.8581 	2 	 1.3551 	 0.9586 	 0.6270 	
48100 	 17.6 	 0.73 	 1.1380 	 0.9898 	 0.9141 	0 	 1.2516 	 0.9893 	 0.9292 	1 	 1.2062 	 0.9821 	 0.8658 	2 	 1.3617 	 0.9587 	 0.6413 	
48200 	 17.6 	 0.73 	 1.1413 	 0.9963 	 0.9688 	0 	 1.2529 	 0.9888 	 0.9247 	1 	 1.2063 	 0.9815 	 0.8660 	2 	 1.3565 	 0.9571 	 0.6270 	
48300 	 17.6 	 0.73 	 1.1556 	 0.9953 	 0.9453 	0 	 1.2613 	 0.9883 	 0.9224 	1 	 1.2140 	 0.9811 	 0.8612 	2 	 1.3653 	 0.9572 	 0.6335 	
48400 	 17.7 	 0.72 	 1.1302 	 0.9812 	 0.8281 	0 	 1.2512 	 0.9894 	 0.9310 	1 	 1.2040 	 0.9819 	 0.8690 	2 	 1.3492 	 0.9588 	 0.6367 	
48500 	 17.7 	 0.72 	 1.1364 	 0.9900 	 0.8828 	0 	 1.2675 	 0.9888 	 0.9273 	1 	 1.2074 	 0.9815 	 0.8630 	2 	 1.3516 	 0.9577 	 0.6270 	
48600 	 17.8 	 0.72 	 1.1412 	 0.9780 	 0.8203 	0 	 1.2607 	 0.9893 	 0.9307 	1 	 1.2094 	 0.9814 	 0.8633 	2 	 1.3520 	 0.9573 	 0.6243 	
48700 	 17.8 	 0.73 	 1.1367 	 0.9936 	 0.9219 	0 	 1.2672 	 0.9884 	 0.9228 	1 	 1.2051 	 0.9814 	 0.8601 	2 	 1.3491 	 0.9584 	 0.6452 	
48800 	 17.8 	 0.72 	 1.1309 	 0.9991 	 0.9922 	0 	 1.2695 	 0.9885 	 0.9250 	1 	 1.2081 	 0.9811 	 0.8599 	2 	 1.3624 	 0.9565 	 0.6120 	
48900 	 17.9 	 0.72 	 1.1303 	 0.9905 	 0.9609 	0 	 1.2616 	 0.9897 	 0.9325 	1 	 1.2010 	 0.9823 	 0.8680 	2 	 1.3447 	 0.9598 	 0.6322 	
49000 	 17.9 	 0.73 	 1.1366 	 0.9920 	 0.9141 	0 	 1.2522 	 0.9902 	 0.9370 	1 	 1.2026 	 0.9826 	 0.8733 	2 	 1.3575 	 0.9585 	 0.6283 	
49100 	 17.9 	 0.72 	 1.1327 	 0.9951 	 0.9453 	0 	 1.2498 	 0.9894 	 0.9310 	1 	 1.2058 	 0.9817 	 0.8653 	2 	 1.3610 	 0.9582 	 0.6217 	
49200 	 18.0 	 0.72 	 1.1290 	 0.9952 	 0.9688 	0 	 1.2516 	 0.9891 	 0.9273 	1 	 1.2038 	 0.9821 	 0.8674 	2 	 1.3555 	 0.9582 	 0.6185 	
49300 	 18.0 	 0.73 	 1.1338 	 0.9874 	 0.8828 	0 	 1.2457 	 0.9898 	 0.9299 	1 	 1.2018 	 0.9818 	 0.8662 	2 	 1.3535 	 0.9586 	 0.6224 	
49400 	 18.0 	 0.73 	 1.1392 	 0.9911 	 0.8828 	0 	 1.2508 	 0.9889 	 0.9254 	1 	 1.2040 	 0.9813 	 0.8596 	2 	 1.3543 	 0.9578 	 0.6224 	
49500 	 18.1 	 0.72 	 1.1301 	 0.9961 	 0.9688 	0 	 1.2460 	 0.9887 	 0.9228 	1 	 1.2104 	 0.9809 	 0.8551 	2 	 1.3578 	 0.9585 	 0.6263 	
49600 	 18.1 	 0.72 	 1.1352 	 0.9905 	 0.9297 	0 	 1.2549 	 0.9892 	 0.9284 	1 	 1.2038 	 0.9817 	 0.8630 	2 	 1.3568 	 0.9584 	 0.6270 	
49700 	 18.2 	 0.73 	 1.1335 	 0.9932 	 0.9453 	0 	 1.2615 	 0.9886 	 0.9239 	1 	 1.2015 	 0.9811 	 0.8553 	2 	 1.3459 	 0.9590 	 0.6289 	
49800 	 18.2 	 0.73 	 1.1386 	 0.9911 	 0.8984 	0 	 1.2710 	 0.9896 	 0.9329 	1 	 1.2021 	 0.9820 	 0.8685 	2 	 1.3499 	 0.9580 	 0.6289 	
49900 	 18.2 	 0.73 	 1.1361 	 0.9962 	 0.9688 	0 	 1.2658 	 0.9904 	 0.9359 	1 	 1.2027 	 0.9817 	 0.8644 	2 	 1.3532 	 0.9584 	 0.6322 	
50000 	 18.3 	 0.73 	 1.1487 	 0.9991 	 0.9922 	0 	 1.2665 	 0.9905 	 0.9363 	1 	 1.2069 	 0.9820 	 0.8678 	2 	 1.3670 	 0.9574 	 0.6257 	
50100 	 18.3 	 0.72 	 1.1315 	 0.9952 	 0.9297 	0 	 1.2616 	 0.9895 	 0.9310 	1 	 1.2007 	 0.9817 	 0.8642 	2 	 1.3587 	 0.9582 	 0.6270 	
50200 	 18.3 	 0.74 	 1.1419 	 0.9820 	 0.7656 	0 	 1.2704 	 0.9886 	 0.9224 	1 	 1.2029 	 0.9807 	 0.8535 	2 	 1.3592 	 0.9585 	 0.6413 	
50300 	 18.4 	 0.73 	 1.1349 	 0.9970 	 0.9688 	0 	 1.2649 	 0.9881 	 0.9202 	1 	 1.2008 	 0.9815 	 0.8612 	2 	 1.3504 	 0.9589 	 0.6348 	
50400 	 18.4 	 0.72 	 1.1354 	 0.9952 	 0.9609 	0 	 1.2729 	 0.9892 	 0.9277 	1 	 1.2053 	 0.9815 	 0.8628 	2 	 1.3538 	 0.9591 	 0.6504 	
50500 	 18.4 	 0.72 	 1.1303 	 0.9861 	 0.8906 	0 	 1.2642 	 0.9895 	 0.9325 	1 	 1.2067 	 0.9814 	 0.8605 	2 	 1.3597 	 0.9578 	 0.6361 	
50600 	 18.5 	 0.72 	 1.1275 	 0.9916 	 0.9141 	0 	 1.2496 	 0.9889 	 0.9273 	1 	 1.2033 	 0.9816 	 0.8592 	2 	 1.3575 	 0.9576 	 0.6348 	
50700 	 18.5 	 0.72 	 1.1270 	 0.9959 	 0.9453 	0 	 1.2631 	 0.9878 	 0.9187 	1 	 1.2022 	 0.9805 	 0.8494 	2 	 1.3580 	 0.9570 	 0.6237 	
50800 	 18.6 	 0.73 	 1.1401 	 0.9942 	 0.9531 	0 	 1.2602 	 0.9898 	 0.9310 	1 	 1.1989 	 0.9816 	 0.8624 	2 	 1.3468 	 0.9583 	 0.6270 	
50900 	 18.6 	 0.72 	 1.1269 	 0.9896 	 0.9297 	0 	 1.2522 	 0.9896 	 0.9299 	1 	 1.2019 	 0.9818 	 0.8630 	2 	 1.3573 	 0.9578 	 0.6270 	
51000 	 18.6 	 0.71 	 1.1353 	 0.9943 	 0.9219 	0 	 1.2691 	 0.9893 	 0.9280 	1 	 1.2075 	 0.9813 	 0.8565 	2 	 1.3691 	 0.9562 	 0.6224 	
51100 	 18.7 	 0.72 	 1.1290 	 0.9891 	 0.9219 	0 	 1.2604 	 0.9901 	 0.9348 	1 	 1.1996 	 0.9822 	 0.8653 	2 	 1.3547 	 0.9580 	 0.6393 	
51200 	 18.7 	 0.72 	 1.1328 	 0.9917 	 0.8984 	0 	 1.2432 	 0.9891 	 0.9269 	1 	 1.1998 	 0.9820 	 0.8655 	2 	 1.3610 	 0.9568 	 0.6191 	
51300 	 18.7 	 0.73 	 1.1332 	 0.9911 	 0.9219 	0 	 1.2507 	 0.9888 	 0.9254 	1 	 1.2051 	 0.9812 	 0.8590 	2 	 1.3610 	 0.9573 	 0.6289 	
51400 	 18.8 	 0.72 	 1.1298 	 0.9944 	 0.9453 	0 	 1.2484 	 0.9902 	 0.9348 	1 	 1.2009 	 0.9821 	 0.8660 	2 	 1.3557 	 0.9581 	 0.6237 	
51500 	 18.8 	 0.73 	 1.1358 	 0.9974 	 0.9609 	0 	 1.2522 	 0.9885 	 0.9243 	1 	 1.2058 	 0.9811 	 0.8596 	2 	 1.3695 	 0.9561 	 0.6055 	
51600 	 18.9 	 0.72 	 1.1298 	 0.9943 	 0.9609 	0 	 1.2498 	 0.9895 	 0.9303 	1 	 1.1990 	 0.9819 	 0.8651 	2 	 1.3563 	 0.9572 	 0.6250 	
51700 	 18.9 	 0.71 	 1.1271 	 0.9972 	 0.9766 	0 	 1.2503 	 0.9897 	 0.9314 	1 	 1.2082 	 0.9812 	 0.8592 	2 	 1.3678 	 0.9570 	 0.6276 	
51800 	 18.9 	 0.72 	 1.1332 	 0.9952 	 0.9453 	0 	 1.2485 	 0.9904 	 0.9397 	1 	 1.2066 	 0.9816 	 0.8617 	2 	 1.3576 	 0.9584 	 0.6367 	
51900 	 19.0 	 0.72 	 1.1345 	 0.9785 	 0.7969 	0 	 1.2500 	 0.9905 	 0.9374 	1 	 1.2057 	 0.9824 	 0.8671 	2 	 1.3558 	 0.9576 	 0.6406 	
52000 	 19.0 	 0.71 	 1.1281 	 0.9893 	 0.8984 	0 	 1.2384 	 0.9893 	 0.9280 	1 	 1.2046 	 0.9819 	 0.8655 	2 	 1.3493 	 0.9588 	 0.6445 	
52100 	 19.0 	 0.72 	 1.1320 	 0.9964 	 0.9531 	0 	 1.2507 	 0.9889 	 0.9265 	1 	 1.2027 	 0.9825 	 0.8690 	2 	 1.3488 	 0.9588 	 0.6432 	
52200 	 19.1 	 0.72 	 1.1305 	 0.9938 	 0.9375 	0 	 1.2438 	 0.9905 	 0.9400 	1 	 1.2075 	 0.9821 	 0.8655 	2 	 1.3607 	 0.9573 	 0.6445 	
52300 	 19.1 	 0.72 	 1.1373 	 0.9895 	 0.9531 	0 	 1.2410 	 0.9898 	 0.9337 	1 	 1.2108 	 0.9813 	 0.8594 	2 	 1.3655 	 0.9566 	 0.6400 	
52400 	 19.1 	 0.73 	 1.1291 	 0.9915 	 0.9297 	0 	 1.2462 	 0.9885 	 0.9232 	1 	 1.2029 	 0.9815 	 0.8592 	2 	 1.3547 	 0.9582 	 0.6276 	
52500 	 19.2 	 0.71 	 1.1292 	 0.9917 	 0.9297 	0 	 1.2436 	 0.9901 	 0.9352 	1 	 1.2058 	 0.9812 	 0.8617 	2 	 1.3590 	 0.9574 	 0.6165 	
52600 	 19.2 	 0.73 	 1.1300 	 0.9981 	 0.9922 	0 	 1.2450 	 0.9901 	 0.9355 	1 	 1.1998 	 0.9824 	 0.8715 	2 	 1.3594 	 0.9577 	 0.6211 	
52700 	 19.3 	 0.72 	 1.1319 	 0.9930 	 0.9297 	0 	 1.2354 	 0.9894 	 0.9310 	1 	 1.2049 	 0.9816 	 0.8610 	2 	 1.3664 	 0.9563 	 0.6120 	
52800 	 19.3 	 0.72 	 1.1306 	 0.9941 	 0.9453 	0 	 1.2358 	 0.9891 	 0.9277 	1 	 1.2052 	 0.9812 	 0.8585 	2 	 1.3579 	 0.9562 	 0.6230 	
52900 	 19.3 	 0.72 	 1.1293 	 0.9932 	 0.9609 	0 	 1.2363 	 0.9901 	 0.9370 	1 	 1.2069 	 0.9813 	 0.8615 	2 	 1.3619 	 0.9563 	 0.6185 	
53000 	 19.4 	 0.71 	 1.1286 	 0.9953 	 0.9453 	0 	 1.2361 	 0.9895 	 0.9340 	1 	 1.2123 	 0.9808 	 0.8590 	2 	 1.3654 	 0.9572 	 0.6367 	
53100 	 19.4 	 0.73 	 1.1332 	 0.9952 	 0.9375 	0 	 1.2366 	 0.9899 	 0.9340 	1 	 1.2050 	 0.9818 	 0.8649 	2 	 1.3546 	 0.9573 	 0.6257 	
53200 	 19.4 	 0.72 	 1.1279 	 0.9933 	 0.9531 	0 	 1.2436 	 0.9900 	 0.9340 	1 	 1.2073 	 0.9817 	 0.8610 	2 	 1.3599 	 0.9586 	 0.6400 	
53300 	 19.5 	 0.72 	 1.1244 	 0.9979 	 0.9688 	0 	 1.2409 	 0.9898 	 0.9322 	1 	 1.2021 	 0.9818 	 0.8649 	2 	 1.3553 	 0.9587 	 0.6380 	
53400 	 19.5 	 0.71 	 1.1274 	 0.9904 	 0.9141 	0 	 1.2306 	 0.9912 	 0.9438 	1 	 1.1996 	 0.9829 	 0.8726 	2 	 1.3523 	 0.9594 	 0.6439 	
53500 	 19.5 	 0.72 	 1.1227 	 0.9943 	 0.9375 	0 	 1.2397 	 0.9905 	 0.9385 	1 	 1.2017 	 0.9822 	 0.8683 	2 	 1.3574 	 0.9575 	 0.6419 	
53600 	 19.6 	 0.72 	 1.1268 	 0.9981 	 0.9844 	0 	 1.2458 	 0.9901 	 0.9359 	1 	 1.2056 	 0.9818 	 0.8615 	2 	 1.3584 	 0.9569 	 0.6348 	
53700 	 19.6 	 0.73 	 1.1341 	 0.9826 	 0.8359 	0 	 1.2343 	 0.9895 	 0.9310 	1 	 1.2007 	 0.9817 	 0.8642 	2 	 1.3515 	 0.9589 	 0.6367 	
53800 	 19.7 	 0.72 	 1.1321 	 0.9905 	 0.8906 	0 	 1.2404 	 0.9892 	 0.9269 	1 	 1.2085 	 0.9817 	 0.8615 	2 	 1.3603 	 0.9574 	 0.6263 	
53900 	 19.7 	 0.72 	 1.1319 	 0.9774 	 0.7812 	0 	 1.2469 	 0.9905 	 0.9370 	1 	 1.2063 	 0.9818 	 0.8649 	2 	 1.3541 	 0.9587 	 0.6315 	
54000 	 19.7 	 0.72 	 1.1388 	 0.9920 	 0.9375 	0 	 1.2377 	 0.9899 	 0.9322 	1 	 1.2081 	 0.9815 	 0.8633 	2 	 1.3485 	 0.9584 	 0.6406 	
54100 	 19.8 	 0.73 	 1.1259 	 0.9788 	 0.8359 	0 	 1.2345 	 0.9899 	 0.9352 	1 	 1.2031 	 0.9826 	 0.8683 	2 	 1.3455 	 0.9589 	 0.6367 	
54200 	 19.8 	 0.72 	 1.1249 	 0.9835 	 0.8281 	0 	 1.2476 	 0.9889 	 0.9273 	1 	 1.2042 	 0.9826 	 0.8705 	2 	 1.3486 	 0.9593 	 0.6497 	
54300 	 19.8 	 0.72 	 1.1331 	 0.9968 	 0.9609 	0 	 1.2585 	 0.9885 	 0.9262 	1 	 1.2118 	 0.9817 	 0.8655 	2 	 1.3610 	 0.9568 	 0.6322 	
54400 	 19.9 	 0.73 	 1.1228 	 0.9951 	 0.9688 	0 	 1.2515 	 0.9887 	 0.9262 	1 	 1.2056 	 0.9822 	 0.8667 	2 	 1.3517 	 0.9577 	 0.6348 	
54500 	 19.9 	 0.73 	 1.1307 	 0.9934 	 0.9609 	0 	 1.2521 	 0.9893 	 0.9303 	1 	 1.2038 	 0.9822 	 0.8680 	2 	 1.3542 	 0.9574 	 0.6302 	
54600 	 19.9 	 0.72 	 1.1301 	 0.9990 	 0.9922 	0 	 1.2559 	 0.9890 	 0.9262 	1 	 1.2106 	 0.9819 	 0.8644 	2 	 1.3608 	 0.9570 	 0.6257 	
54700 	 20.0 	 0.72 	 1.1303 	 0.9959 	 0.9453 	0 	 1.2528 	 0.9897 	 0.9329 	1 	 1.2018 	 0.9821 	 0.8662 	2 	 1.3490 	 0.9578 	 0.6309 	
