global step 	 epoch 	 step-time 	perplexity 	 last_accuracy_AA 	 last_accuracy_peptide 	valid_bucket_id 	 perplexity 	 accuracy_AA 	 accuracy_peptide 
3800 	 0.3 	 11.11 	 2.4602 	 0.9111 	 0.4375 	0 	 1.6324 	 0.9801 	 0.8615 	1 	 2.2579 	 0.9175 	 0.5036 	2 	 3.8238 	 0.7860 	 0.1065 	
3900 	 0.3 	 11.27 	 2.4234 	 0.9100 	 0.4297 	0 	 1.6337 	 0.9801 	 0.8637 	1 	 2.2526 	 0.9181 	 0.5097 	2 	 3.8063 	 0.7869 	 0.1090 	
4000 	 0.3 	 11.45 	 2.4728 	 0.9133 	 0.4766 	0 	 1.6309 	 0.9798 	 0.8605 	1 	 2.2537 	 0.9182 	 0.5061 	2 	 3.8086 	 0.7868 	 0.1090 	
4100 	 0.3 	 11.46 	 2.4728 	 0.7739 	 0.0938 	0 	 1.6260 	 0.9804 	 0.8621 	1 	 2.2496 	 0.9187 	 0.5120 	2 	 3.8231 	 0.7858 	 0.1024 	
4200 	 0.3 	 12.21 	 2.4727 	 0.7822 	 0.1172 	0 	 1.6275 	 0.9797 	 0.8583 	1 	 2.2499 	 0.9179 	 0.5077 	2 	 3.8018 	 0.7864 	 0.1070 	
4300 	 0.3 	 10.71 	 2.4182 	 0.9769 	 0.8594 	0 	 1.6270 	 0.9802 	 0.8643 	1 	 2.2479 	 0.9180 	 0.5097 	2 	 3.7990 	 0.7868 	 0.1070 	
4400 	 0.3 	 11.44 	 2.4248 	 0.8162 	 0.1328 	0 	 1.6230 	 0.9802 	 0.8659 	1 	 2.2489 	 0.9188 	 0.5095 	2 	 3.8154 	 0.7865 	 0.1085 	
4500 	 0.3 	 11.19 	 2.4269 	 0.9134 	 0.4531 	0 	 1.6195 	 0.9805 	 0.8653 	1 	 2.2424 	 0.9187 	 0.5120 	2 	 3.7993 	 0.7866 	 0.1050 	
4600 	 0.3 	 12.17 	 2.4475 	 0.9273 	 0.4844 	0 	 1.6195 	 0.9794 	 0.8561 	1 	 2.2311 	 0.9182 	 0.5098 	2 	 3.7671 	 0.7878 	 0.1090 	
4700 	 0.3 	 10.96 	 2.3717 	 0.9126 	 0.4922 	0 	 1.6089 	 0.9807 	 0.8670 	1 	 2.2248 	 0.9193 	 0.5130 	2 	 3.7757 	 0.7885 	 0.1040 	
4800 	 0.3 	 10.89 	 2.4824 	 0.9215 	 0.4688 	0 	 1.6104 	 0.9813 	 0.8697 	1 	 2.2186 	 0.9192 	 0.5118 	2 	 3.7419 	 0.7888 	 0.1065 	
4900 	 0.4 	 11.03 	 2.4406 	 0.9113 	 0.4297 	0 	 1.6084 	 0.9810 	 0.8670 	1 	 2.2143 	 0.9189 	 0.5111 	2 	 3.7323 	 0.7888 	 0.1075 	
5000 	 0.4 	 11.12 	 2.3828 	 0.9278 	 0.5000 	0 	 1.6041 	 0.9816 	 0.8697 	1 	 2.2082 	 0.9201 	 0.5167 	2 	 3.7258 	 0.7908 	 0.1060 	
5100 	 0.4 	 11.07 	 2.4293 	 0.9186 	 0.4297 	0 	 1.6023 	 0.9802 	 0.8621 	1 	 2.2046 	 0.9199 	 0.5146 	2 	 3.7204 	 0.7893 	 0.1090 	
5200 	 0.4 	 10.80 	 2.3991 	 0.9267 	 0.5156 	0 	 1.5994 	 0.9806 	 0.8637 	1 	 2.2089 	 0.9206 	 0.5208 	2 	 3.7352 	 0.7892 	 0.1060 	
5300 	 0.4 	 12.89 	 2.4606 	 0.8964 	 0.5234 	0 	 1.6031 	 0.9802 	 0.8637 	1 	 2.1970 	 0.9199 	 0.5164 	2 	 3.6936 	 0.7896 	 0.1085 	
5400 	 0.4 	 11.08 	 2.4520 	 0.7871 	 0.0625 	0 	 1.5978 	 0.9809 	 0.8670 	1 	 2.1967 	 0.9206 	 0.5167 	2 	 3.7096 	 0.7885 	 0.1055 	
5500 	 0.4 	 10.75 	 2.3819 	 0.9244 	 0.4922 	0 	 1.5977 	 0.9807 	 0.8664 	1 	 2.1961 	 0.9191 	 0.5091 	2 	 3.6956 	 0.7900 	 0.1090 	
5600 	 0.4 	 10.97 	 2.4634 	 0.9061 	 0.3906 	0 	 1.5953 	 0.9813 	 0.8686 	1 	 2.1948 	 0.9201 	 0.5127 	2 	 3.7021 	 0.7895 	 0.1065 	
5700 	 0.4 	 10.53 	 2.3678 	 0.9210 	 0.5391 	0 	 1.5962 	 0.9819 	 0.8756 	1 	 2.1945 	 0.9210 	 0.5175 	2 	 3.7166 	 0.7898 	 0.1060 	
5800 	 0.4 	 10.75 	 2.4338 	 0.9797 	 0.8594 	0 	 1.5912 	 0.9816 	 0.8713 	1 	 2.1865 	 0.9208 	 0.5191 	2 	 3.6941 	 0.7896 	 0.1065 	
5900 	 0.4 	 10.37 	 2.3337 	 0.9886 	 0.9141 	0 	 1.5849 	 0.9820 	 0.8724 	1 	 2.1822 	 0.9211 	 0.5212 	2 	 3.6938 	 0.7908 	 0.1100 	
6000 	 0.4 	 10.26 	 2.3106 	 0.9072 	 0.4453 	0 	 1.5854 	 0.9815 	 0.8713 	1 	 2.1789 	 0.9207 	 0.5182 	2 	 3.6815 	 0.7904 	 0.1116 	
6100 	 0.4 	 10.46 	 2.4158 	 0.7867 	 0.0703 	0 	 1.5868 	 0.9814 	 0.8702 	1 	 2.1790 	 0.9216 	 0.5208 	2 	 3.6834 	 0.7911 	 0.1111 	
6200 	 0.4 	 10.78 	 2.4319 	 0.8969 	 0.4141 	0 	 1.5872 	 0.9822 	 0.8740 	1 	 2.1744 	 0.9217 	 0.5228 	2 	 3.6781 	 0.7920 	 0.1121 	
6300 	 0.5 	 10.56 	 2.3011 	 0.7868 	 0.0547 	0 	 1.5827 	 0.9822 	 0.8751 	1 	 2.1700 	 0.9212 	 0.5185 	2 	 3.6733 	 0.7915 	 0.1126 	
6400 	 0.5 	 10.18 	 2.2455 	 0.9100 	 0.4844 	0 	 1.5791 	 0.9815 	 0.8702 	1 	 2.1710 	 0.9218 	 0.5222 	2 	 3.6807 	 0.7904 	 0.1065 	
6500 	 0.5 	 10.27 	 2.2303 	 0.7533 	 0.0859 	0 	 1.5736 	 0.9817 	 0.8691 	1 	 2.1686 	 0.9214 	 0.5198 	2 	 3.6870 	 0.7907 	 0.1131 	
6600 	 0.5 	 10.45 	 2.3075 	 0.9259 	 0.4922 	0 	 1.5740 	 0.9817 	 0.8707 	1 	 2.1649 	 0.9209 	 0.5189 	2 	 3.6726 	 0.7910 	 0.1116 	
6700 	 0.5 	 10.60 	 2.3893 	 0.9077 	 0.4531 	0 	 1.5773 	 0.9819 	 0.8718 	1 	 2.1641 	 0.9212 	 0.5180 	2 	 3.6557 	 0.7916 	 0.1121 	
6800 	 0.5 	 10.23 	 2.2844 	 0.7970 	 0.0938 	0 	 1.5705 	 0.9823 	 0.8761 	1 	 2.1646 	 0.9218 	 0.5221 	2 	 3.6786 	 0.7899 	 0.1121 	
6900 	 0.5 	 10.34 	 2.3275 	 0.9807 	 0.8594 	0 	 1.5718 	 0.9821 	 0.8778 	1 	 2.1578 	 0.9212 	 0.5155 	2 	 3.6547 	 0.7910 	 0.1136 	
7000 	 0.5 	 10.39 	 2.3359 	 0.7994 	 0.0859 	0 	 1.5748 	 0.9814 	 0.8702 	1 	 2.1602 	 0.9217 	 0.5196 	2 	 3.6660 	 0.7906 	 0.1075 	
7100 	 0.5 	 10.84 	 2.4324 	 0.9324 	 0.5625 	0 	 1.5724 	 0.9827 	 0.8799 	1 	 2.1620 	 0.9209 	 0.5192 	2 	 3.6609 	 0.7905 	 0.1085 	
7200 	 0.5 	 10.57 	 2.3454 	 0.9117 	 0.4141 	0 	 1.5727 	 0.9826 	 0.8816 	1 	 2.1553 	 0.9218 	 0.5196 	2 	 3.6488 	 0.7913 	 0.1090 	
7300 	 0.5 	 10.26 	 2.2483 	 0.9187 	 0.5000 	0 	 1.5668 	 0.9814 	 0.8713 	1 	 2.1563 	 0.9217 	 0.5245 	2 	 3.6583 	 0.7915 	 0.1055 	
7400 	 0.5 	 10.79 	 2.4076 	 0.9216 	 0.5156 	0 	 1.5691 	 0.9823 	 0.8778 	1 	 2.1522 	 0.9221 	 0.5222 	2 	 3.6414 	 0.7921 	 0.1080 	
7500 	 0.5 	 10.63 	 2.3722 	 0.9165 	 0.5156 	0 	 1.5667 	 0.9825 	 0.8794 	1 	 2.1544 	 0.9220 	 0.5237 	2 	 3.6504 	 0.7915 	 0.1105 	
7600 	 0.6 	 9.93 	 2.3922 	 0.7827 	 0.0703 	0 	 1.5651 	 0.9826 	 0.8794 	1 	 2.1476 	 0.9227 	 0.5272 	2 	 3.6404 	 0.7926 	 0.1121 	
7700 	 0.6 	 9.82 	 2.3044 	 0.9272 	 0.5469 	0 	 1.5656 	 0.9818 	 0.8761 	1 	 2.1441 	 0.9218 	 0.5194 	2 	 3.6347 	 0.7915 	 0.1126 	
7800 	 0.6 	 9.76 	 2.3112 	 0.9849 	 0.8906 	0 	 1.5637 	 0.9825 	 0.8783 	1 	 2.1475 	 0.9227 	 0.5276 	2 	 3.6393 	 0.7940 	 0.1161 	
7900 	 0.6 	 9.85 	 2.3548 	 0.9157 	 0.4297 	0 	 1.5636 	 0.9820 	 0.8778 	1 	 2.1478 	 0.9221 	 0.5238 	2 	 3.6385 	 0.7921 	 0.1121 	
8000 	 0.6 	 10.05 	 2.3565 	 0.9101 	 0.4844 	0 	 1.5645 	 0.9814 	 0.8729 	1 	 2.1487 	 0.9214 	 0.5238 	2 	 3.6338 	 0.7922 	 0.1156 	
8100 	 0.6 	 10.00 	 2.3721 	 0.9330 	 0.5234 	0 	 1.5606 	 0.9818 	 0.8772 	1 	 2.1438 	 0.9227 	 0.5247 	2 	 3.6279 	 0.7941 	 0.1166 	
8200 	 0.6 	 10.18 	 2.3993 	 0.9100 	 0.4453 	0 	 1.5606 	 0.9813 	 0.8718 	1 	 2.1422 	 0.9220 	 0.5249 	2 	 3.6273 	 0.7930 	 0.1131 	
8300 	 0.6 	 10.12 	 2.3955 	 0.7840 	 0.0781 	0 	 1.5591 	 0.9820 	 0.8740 	1 	 2.1412 	 0.9220 	 0.5217 	2 	 3.6198 	 0.7929 	 0.1151 	
8400 	 0.6 	 9.93 	 2.3157 	 0.9188 	 0.5938 	0 	 1.5600 	 0.9813 	 0.8702 	1 	 2.1366 	 0.9219 	 0.5238 	2 	 3.6211 	 0.7927 	 0.1146 	
8500 	 0.6 	 10.07 	 2.3987 	 0.7764 	 0.1328 	0 	 1.5586 	 0.9813 	 0.8707 	1 	 2.1348 	 0.9221 	 0.5205 	2 	 3.6052 	 0.7927 	 0.1121 	
8600 	 0.6 	 10.22 	 2.4083 	 0.9081 	 0.3828 	0 	 1.5559 	 0.9820 	 0.8745 	1 	 2.1359 	 0.9221 	 0.5208 	2 	 3.6098 	 0.7926 	 0.1116 	
8700 	 0.6 	 9.89 	 2.3603 	 0.7781 	 0.1016 	0 	 1.5542 	 0.9817 	 0.8751 	1 	 2.1323 	 0.9227 	 0.5233 	2 	 3.6096 	 0.7934 	 0.1176 	
8800 	 0.6 	 9.85 	 2.3542 	 0.9815 	 0.8516 	0 	 1.5541 	 0.9830 	 0.8805 	1 	 2.1322 	 0.9226 	 0.5261 	2 	 3.6187 	 0.7936 	 0.1176 	
8900 	 0.6 	 10.08 	 2.3701 	 0.9799 	 0.8438 	0 	 1.5538 	 0.9824 	 0.8761 	1 	 2.1277 	 0.9220 	 0.5215 	2 	 3.6083 	 0.7928 	 0.1136 	
9000 	 0.7 	 10.05 	 2.3038 	 0.7631 	 0.1016 	0 	 1.5539 	 0.9824 	 0.8783 	1 	 2.1306 	 0.9229 	 0.5274 	2 	 3.6173 	 0.7926 	 0.1141 	
9100 	 0.7 	 9.93 	 2.3361 	 0.9248 	 0.5156 	0 	 1.5541 	 0.9824 	 0.8767 	1 	 2.1295 	 0.9221 	 0.5214 	2 	 3.5992 	 0.7927 	 0.1111 	
9200 	 0.7 	 9.90 	 2.3570 	 0.9240 	 0.4844 	0 	 1.5570 	 0.9819 	 0.8751 	1 	 2.1341 	 0.9222 	 0.5253 	2 	 3.6178 	 0.7926 	 0.1151 	
9300 	 0.7 	 9.80 	 2.2962 	 0.9240 	 0.5000 	0 	 1.5509 	 0.9818 	 0.8734 	1 	 2.1298 	 0.9219 	 0.5228 	2 	 3.6123 	 0.7908 	 0.1080 	
9400 	 0.7 	 9.95 	 2.3450 	 0.9368 	 0.5469 	0 	 1.5527 	 0.9830 	 0.8832 	1 	 2.1279 	 0.9226 	 0.5224 	2 	 3.6000 	 0.7941 	 0.1141 	
9500 	 0.7 	 10.10 	 2.3241 	 0.9368 	 0.5703 	0 	 1.5467 	 0.9828 	 0.8821 	1 	 2.1234 	 0.9225 	 0.5249 	2 	 3.5991 	 0.7925 	 0.1141 	
9600 	 0.7 	 9.83 	 2.2788 	 0.9447 	 0.5781 	0 	 1.5489 	 0.9819 	 0.8740 	1 	 2.1245 	 0.9232 	 0.5283 	2 	 3.5999 	 0.7930 	 0.1136 	
9700 	 0.7 	 9.93 	 2.3083 	 0.9134 	 0.5156 	0 	 1.5499 	 0.9819 	 0.8751 	1 	 2.1259 	 0.9228 	 0.5297 	2 	 3.6119 	 0.7928 	 0.1126 	
9800 	 0.7 	 10.07 	 2.3676 	 0.9827 	 0.8672 	0 	 1.5474 	 0.9815 	 0.8702 	1 	 2.1192 	 0.9228 	 0.5249 	2 	 3.5920 	 0.7930 	 0.1105 	
9900 	 0.7 	 9.80 	 2.3194 	 0.9770 	 0.8438 	0 	 1.5453 	 0.9829 	 0.8810 	1 	 2.1188 	 0.9231 	 0.5258 	2 	 3.5997 	 0.7927 	 0.1141 	
10000 	 0.7 	 9.76 	 2.2731 	 0.9149 	 0.4844 	0 	 1.5434 	 0.9824 	 0.8772 	1 	 2.1200 	 0.9229 	 0.5265 	2 	 3.6000 	 0.7931 	 0.1141 	
10100 	 0.7 	 12.56 	 2.3671 	 0.7824 	 0.1094 	0 	 1.5439 	 0.9826 	 0.8767 	1 	 2.1195 	 0.9234 	 0.5302 	2 	 3.5954 	 0.7940 	 0.1100 	
10200 	 0.7 	 19.54 	 2.3520 	 0.9065 	 0.4141 	0 	 1.5464 	 0.9816 	 0.8718 	1 	 2.1185 	 0.9234 	 0.5300 	2 	 3.5904 	 0.7945 	 0.1136 	
10300 	 0.7 	 20.16 	 2.3409 	 0.7903 	 0.1406 	0 	 1.5431 	 0.9821 	 0.8761 	1 	 2.1156 	 0.9231 	 0.5261 	2 	 3.5939 	 0.7932 	 0.1141 	
10400 	 0.8 	 20.23 	 2.3542 	 0.9852 	 0.8906 	0 	 1.5441 	 0.9824 	 0.8789 	1 	 2.1153 	 0.9236 	 0.5341 	2 	 3.5941 	 0.7936 	 0.1151 	
10500 	 0.8 	 18.99 	 2.2602 	 0.9041 	 0.4062 	0 	 1.5399 	 0.9821 	 0.8751 	1 	 2.1103 	 0.9236 	 0.5327 	2 	 3.5923 	 0.7939 	 0.1136 	
10600 	 0.8 	 17.85 	 2.2675 	 0.9211 	 0.4688 	0 	 1.5401 	 0.9826 	 0.8794 	1 	 2.1101 	 0.9235 	 0.5297 	2 	 3.5939 	 0.7931 	 0.1131 	
10700 	 0.8 	 18.82 	 2.2871 	 0.9142 	 0.4688 	0 	 1.5400 	 0.9824 	 0.8761 	1 	 2.1102 	 0.9239 	 0.5325 	2 	 3.5822 	 0.7940 	 0.1161 	
10800 	 0.8 	 20.56 	 2.3488 	 0.9140 	 0.5078 	0 	 1.5402 	 0.9822 	 0.8751 	1 	 2.1077 	 0.9236 	 0.5318 	2 	 3.5803 	 0.7943 	 0.1166 	
10900 	 0.8 	 19.39 	 2.2477 	 0.9286 	 0.5469 	0 	 1.5393 	 0.9824 	 0.8778 	1 	 2.1093 	 0.9237 	 0.5352 	2 	 3.5866 	 0.7947 	 0.1161 	
11000 	 0.8 	 20.57 	 2.3497 	 0.7943 	 0.1328 	0 	 1.5382 	 0.9826 	 0.8805 	1 	 2.1084 	 0.9227 	 0.5267 	2 	 3.5837 	 0.7931 	 0.1121 	
11100 	 0.8 	 19.96 	 2.3393 	 0.9772 	 0.8281 	0 	 1.5389 	 0.9824 	 0.8794 	1 	 2.1079 	 0.9234 	 0.5309 	2 	 3.5713 	 0.7935 	 0.1116 	
11200 	 0.8 	 18.12 	 2.2715 	 0.9161 	 0.4844 	0 	 1.5374 	 0.9823 	 0.8789 	1 	 2.1067 	 0.9231 	 0.5277 	2 	 3.5775 	 0.7928 	 0.1116 	
11300 	 0.8 	 19.00 	 2.3921 	 0.7823 	 0.0781 	0 	 1.5393 	 0.9823 	 0.8789 	1 	 2.1107 	 0.9234 	 0.5284 	2 	 3.5785 	 0.7946 	 0.1146 	
11400 	 0.8 	 19.26 	 2.2462 	 0.9083 	 0.4844 	0 	 1.5345 	 0.9830 	 0.8821 	1 	 2.1035 	 0.9244 	 0.5352 	2 	 3.5773 	 0.7942 	 0.1161 	
11500 	 0.8 	 20.34 	 2.3682 	 0.9253 	 0.5625 	0 	 1.5352 	 0.9829 	 0.8799 	1 	 2.1060 	 0.9242 	 0.5359 	2 	 3.5718 	 0.7943 	 0.1176 	
11600 	 0.8 	 19.15 	 2.2556 	 0.9232 	 0.4531 	0 	 1.5356 	 0.9833 	 0.8843 	1 	 2.1058 	 0.9248 	 0.5380 	2 	 3.5756 	 0.7940 	 0.1126 	
11700 	 0.8 	 19.94 	 2.3226 	 0.9860 	 0.9141 	0 	 1.5354 	 0.9823 	 0.8767 	1 	 2.1019 	 0.9237 	 0.5313 	2 	 3.5690 	 0.7939 	 0.1197 	
11800 	 0.9 	 18.03 	 2.2466 	 0.7701 	 0.1016 	0 	 1.5314 	 0.9830 	 0.8821 	1 	 2.1013 	 0.9241 	 0.5330 	2 	 3.5730 	 0.7949 	 0.1161 	
11900 	 0.9 	 18.56 	 2.4132 	 0.9174 	 0.5156 	0 	 1.5331 	 0.9829 	 0.8799 	1 	 2.1022 	 0.9239 	 0.5325 	2 	 3.5649 	 0.7930 	 0.1126 	
12000 	 0.9 	 18.07 	 2.2344 	 0.9171 	 0.5469 	0 	 1.5317 	 0.9834 	 0.8848 	1 	 2.1004 	 0.9242 	 0.5329 	2 	 3.5709 	 0.7955 	 0.1156 	
12100 	 0.9 	 19.65 	 2.2979 	 0.9047 	 0.4531 	0 	 1.5337 	 0.9829 	 0.8789 	1 	 2.1019 	 0.9234 	 0.5315 	2 	 3.5658 	 0.7939 	 0.1146 	
12200 	 0.9 	 19.70 	 2.3329 	 0.9184 	 0.5000 	0 	 1.5342 	 0.9830 	 0.8816 	1 	 2.1023 	 0.9237 	 0.5343 	2 	 3.5689 	 0.7934 	 0.1141 	
12300 	 0.9 	 19.06 	 2.3249 	 0.9245 	 0.4922 	0 	 1.5307 	 0.9834 	 0.8848 	1 	 2.0982 	 0.9241 	 0.5338 	2 	 3.5592 	 0.7940 	 0.1151 	
12400 	 0.9 	 18.22 	 2.1439 	 0.9313 	 0.5547 	0 	 1.5308 	 0.9834 	 0.8848 	1 	 2.0962 	 0.9240 	 0.5366 	2 	 3.5651 	 0.7948 	 0.1161 	
12500 	 0.9 	 17.98 	 2.2955 	 0.9385 	 0.5859 	0 	 1.5317 	 0.9831 	 0.8848 	1 	 2.0961 	 0.9247 	 0.5382 	2 	 3.5636 	 0.7946 	 0.1202 	
12600 	 0.9 	 18.18 	 2.3628 	 0.9159 	 0.5312 	0 	 1.5300 	 0.9833 	 0.8875 	1 	 2.0944 	 0.9246 	 0.5401 	2 	 3.5595 	 0.7943 	 0.1197 	
12700 	 0.9 	 18.78 	 2.2162 	 0.9387 	 0.5781 	0 	 1.5343 	 0.9826 	 0.8789 	1 	 2.0947 	 0.9240 	 0.5318 	2 	 3.5496 	 0.7944 	 0.1176 	
12800 	 0.9 	 18.43 	 2.1756 	 0.9867 	 0.9219 	0 	 1.5289 	 0.9833 	 0.8853 	1 	 2.0911 	 0.9234 	 0.5322 	2 	 3.5650 	 0.7932 	 0.1156 	
12900 	 0.9 	 17.95 	 2.3411 	 0.7753 	 0.1016 	0 	 1.5311 	 0.9834 	 0.8853 	1 	 2.0940 	 0.9240 	 0.5343 	2 	 3.5534 	 0.7937 	 0.1111 	
13000 	 0.9 	 17.73 	 2.2607 	 0.9778 	 0.8516 	0 	 1.5289 	 0.9827 	 0.8805 	1 	 2.0918 	 0.9238 	 0.5348 	2 	 3.5597 	 0.7941 	 0.1161 	
13100 	 0.9 	 18.91 	 2.2127 	 0.7822 	 0.0703 	0 	 1.5276 	 0.9827 	 0.8816 	1 	 2.0926 	 0.9247 	 0.5385 	2 	 3.5645 	 0.7939 	 0.1161 	
13200 	 1.0 	 20.20 	 2.3835 	 0.9292 	 0.5000 	0 	 1.5300 	 0.9829 	 0.8832 	1 	 2.0910 	 0.9254 	 0.5385 	2 	 3.5502 	 0.7961 	 0.1141 	
13300 	 1.0 	 18.26 	 2.2600 	 0.9211 	 0.5000 	0 	 1.5264 	 0.9839 	 0.8891 	1 	 2.0933 	 0.9242 	 0.5348 	2 	 3.5575 	 0.7961 	 0.1212 	
13400 	 1.0 	 17.67 	 2.2939 	 0.9277 	 0.5234 	0 	 1.5301 	 0.9827 	 0.8821 	1 	 2.0870 	 0.9245 	 0.5373 	2 	 3.5415 	 0.7941 	 0.1171 	
13500 	 1.0 	 18.20 	 2.2731 	 0.9249 	 0.4922 	0 	 1.5279 	 0.9830 	 0.8843 	1 	 2.0936 	 0.9246 	 0.5368 	2 	 3.5615 	 0.7942 	 0.1161 	
13600 	 1.0 	 18.75 	 2.2989 	 0.8130 	 0.1719 	0 	 1.5283 	 0.9834 	 0.8853 	1 	 2.0872 	 0.9245 	 0.5368 	2 	 3.5436 	 0.7942 	 0.1182 	
13700 	 1.0 	 18.51 	 2.2121 	 0.9262 	 0.5078 	0 	 1.5238 	 0.9828 	 0.8816 	1 	 2.0869 	 0.9245 	 0.5378 	2 	 3.5453 	 0.7952 	 0.1207 	
13800 	 1.0 	 19.04 	 2.2694 	 0.9020 	 0.5078 	0 	 1.5233 	 0.9836 	 0.8859 	1 	 2.0838 	 0.9246 	 0.5410 	2 	 3.5412 	 0.7950 	 0.1197 	
13900 	 1.0 	 19.09 	 2.2854 	 0.9167 	 0.4531 	0 	 1.5269 	 0.9829 	 0.8832 	1 	 2.0901 	 0.9245 	 0.5369 	2 	 3.5496 	 0.7961 	 0.1207 	
14000 	 1.0 	 17.74 	 2.2904 	 0.9054 	 0.4766 	0 	 1.5264 	 0.9818 	 0.8767 	1 	 2.0861 	 0.9244 	 0.5400 	2 	 3.5384 	 0.7951 	 0.1207 	
14100 	 1.0 	 18.28 	 2.4267 	 0.9184 	 0.4922 	0 	 1.5267 	 0.9828 	 0.8816 	1 	 2.0869 	 0.9243 	 0.5384 	2 	 3.5342 	 0.7960 	 0.1202 	
14200 	 1.0 	 19.35 	 2.2960 	 0.9272 	 0.5703 	0 	 1.5229 	 0.9837 	 0.8870 	1 	 2.0840 	 0.9245 	 0.5400 	2 	 3.5452 	 0.7948 	 0.1192 	
14300 	 1.0 	 18.38 	 2.1956 	 0.9780 	 0.8359 	0 	 1.5252 	 0.9838 	 0.8897 	1 	 2.0837 	 0.9248 	 0.5380 	2 	 3.5412 	 0.7948 	 0.1207 	
14400 	 1.0 	 19.33 	 2.2990 	 0.9128 	 0.4375 	0 	 1.5235 	 0.9833 	 0.8859 	1 	 2.0820 	 0.9242 	 0.5341 	2 	 3.5323 	 0.7942 	 0.1141 	
14500 	 1.1 	 19.88 	 2.3590 	 0.9763 	 0.8281 	0 	 1.5247 	 0.9830 	 0.8837 	1 	 2.0811 	 0.9254 	 0.5407 	2 	 3.5297 	 0.7948 	 0.1182 	
14600 	 1.1 	 18.44 	 2.2083 	 0.9186 	 0.5000 	0 	 1.5241 	 0.9835 	 0.8880 	1 	 2.0832 	 0.9252 	 0.5440 	2 	 3.5505 	 0.7946 	 0.1176 	
14700 	 1.1 	 17.69 	 2.3227 	 0.9231 	 0.4688 	0 	 1.5246 	 0.9833 	 0.8875 	1 	 2.0836 	 0.9251 	 0.5433 	2 	 3.5484 	 0.7945 	 0.1187 	
14800 	 1.1 	 18.26 	 2.2896 	 0.9134 	 0.4922 	0 	 1.5243 	 0.9829 	 0.8821 	1 	 2.0849 	 0.9252 	 0.5417 	2 	 3.5486 	 0.7960 	 0.1187 	
14900 	 1.1 	 19.49 	 2.2377 	 0.9192 	 0.5078 	0 	 1.5210 	 0.9830 	 0.8837 	1 	 2.0830 	 0.9256 	 0.5400 	2 	 3.5385 	 0.7955 	 0.1161 	
15000 	 1.1 	 19.68 	 2.3051 	 0.7963 	 0.1562 	0 	 1.5254 	 0.9824 	 0.8783 	1 	 2.0817 	 0.9248 	 0.5384 	2 	 3.5377 	 0.7950 	 0.1171 	
15100 	 1.1 	 19.60 	 2.3503 	 0.7914 	 0.1328 	0 	 1.5213 	 0.9836 	 0.8886 	1 	 2.0791 	 0.9251 	 0.5407 	2 	 3.5286 	 0.7961 	 0.1202 	
15200 	 1.1 	 18.89 	 2.2660 	 0.9302 	 0.5312 	0 	 1.5198 	 0.9833 	 0.8859 	1 	 2.0790 	 0.9251 	 0.5414 	2 	 3.5392 	 0.7952 	 0.1182 	
15300 	 1.1 	 19.86 	 2.3647 	 0.9236 	 0.4688 	0 	 1.5234 	 0.9834 	 0.8832 	1 	 2.0786 	 0.9245 	 0.5377 	2 	 3.5231 	 0.7964 	 0.1187 	
15400 	 1.1 	 19.48 	 2.3172 	 0.9267 	 0.5234 	0 	 1.5246 	 0.9830 	 0.8826 	1 	 2.0803 	 0.9245 	 0.5378 	2 	 3.5299 	 0.7951 	 0.1187 	
15500 	 1.1 	 17.75 	 2.2127 	 0.9721 	 0.8438 	0 	 1.5174 	 0.9836 	 0.8870 	1 	 2.0770 	 0.9254 	 0.5453 	2 	 3.5370 	 0.7950 	 0.1253 	
15600 	 1.1 	 13.85 	 2.2608 	 0.9190 	 0.5625 	0 	 1.5188 	 0.9836 	 0.8875 	1 	 2.0778 	 0.9255 	 0.5451 	2 	 3.5363 	 0.7948 	 0.1187 	
15700 	 1.1 	 13.21 	 2.2731 	 0.9273 	 0.4922 	0 	 1.5187 	 0.9835 	 0.8875 	1 	 2.0766 	 0.9256 	 0.5439 	2 	 3.5365 	 0.7957 	 0.1242 	
15800 	 1.1 	 14.11 	 2.3199 	 0.7953 	 0.1250 	0 	 1.5194 	 0.9826 	 0.8826 	1 	 2.0741 	 0.9249 	 0.5393 	2 	 3.5226 	 0.7954 	 0.1227 	
15900 	 1.2 	 13.86 	 2.2919 	 0.9322 	 0.5469 	0 	 1.5185 	 0.9834 	 0.8875 	1 	 2.0720 	 0.9253 	 0.5432 	2 	 3.5229 	 0.7958 	 0.1242 	
16000 	 1.2 	 14.04 	 2.3260 	 0.9845 	 0.8828 	0 	 1.5182 	 0.9831 	 0.8832 	1 	 2.0762 	 0.9250 	 0.5393 	2 	 3.5276 	 0.7955 	 0.1192 	
16100 	 1.2 	 14.14 	 2.3284 	 0.9153 	 0.3984 	0 	 1.5194 	 0.9829 	 0.8832 	1 	 2.0724 	 0.9250 	 0.5408 	2 	 3.5185 	 0.7954 	 0.1217 	
16200 	 1.2 	 13.72 	 2.2392 	 0.7960 	 0.1094 	0 	 1.5147 	 0.9837 	 0.8880 	1 	 2.0709 	 0.9255 	 0.5426 	2 	 3.5216 	 0.7957 	 0.1217 	
16300 	 1.2 	 13.17 	 2.4088 	 0.7720 	 0.0781 	0 	 1.5173 	 0.9830 	 0.8848 	1 	 2.0717 	 0.9249 	 0.5412 	2 	 3.5134 	 0.7953 	 0.1197 	
16400 	 1.2 	 13.24 	 2.2987 	 0.9353 	 0.5859 	0 	 1.5175 	 0.9829 	 0.8832 	1 	 2.0718 	 0.9253 	 0.5391 	2 	 3.5151 	 0.7967 	 0.1202 	
16500 	 1.2 	 14.06 	 2.2726 	 0.9136 	 0.4766 	0 	 1.5156 	 0.9833 	 0.8859 	1 	 2.0729 	 0.9256 	 0.5435 	2 	 3.5223 	 0.7962 	 0.1247 	
16600 	 1.2 	 14.30 	 2.2814 	 0.9269 	 0.5469 	0 	 1.5185 	 0.9830 	 0.8843 	1 	 2.0722 	 0.9255 	 0.5437 	2 	 3.5228 	 0.7965 	 0.1182 	
16700 	 1.2 	 13.74 	 2.2744 	 0.7885 	 0.0391 	0 	 1.5164 	 0.9832 	 0.8826 	1 	 2.0706 	 0.9249 	 0.5398 	2 	 3.5229 	 0.7955 	 0.1176 	
16800 	 1.2 	 14.19 	 2.3753 	 0.7740 	 0.1016 	0 	 1.5198 	 0.9832 	 0.8859 	1 	 2.0758 	 0.9255 	 0.5449 	2 	 3.5190 	 0.7976 	 0.1268 	
16900 	 1.2 	 13.44 	 2.2268 	 0.9833 	 0.8828 	0 	 1.5141 	 0.9833 	 0.8859 	1 	 2.0707 	 0.9253 	 0.5442 	2 	 3.5218 	 0.7969 	 0.1237 	
17000 	 1.2 	 13.26 	 2.3844 	 0.7929 	 0.0938 	0 	 1.5181 	 0.9829 	 0.8853 	1 	 2.0707 	 0.9250 	 0.5398 	2 	 3.5123 	 0.7969 	 0.1202 	
17100 	 1.2 	 12.82 	 2.2635 	 0.9290 	 0.5156 	0 	 1.5174 	 0.9834 	 0.8870 	1 	 2.0713 	 0.9257 	 0.5432 	2 	 3.5193 	 0.7969 	 0.1202 	
