global step 	 epoch 	 step-time 	perplexity 	 last_accuracy_AA 	 last_accuracy_peptide 	valid_bucket_id 	 perplexity 	 accuracy_AA 	 accuracy_peptide 
100 	 0.0 	 8.02 	 7.0269 	 0.7138 	 0.0078 	0 	 2.1722 	 0.9252 	 0.5659 	1 	 2.7911 	 0.8705 	 0.2668 	2 	 4.2515 	 0.7617 	 0.0415 	
200 	 0.0 	 7.85 	 2.5252 	 0.9064 	 0.4297 	0 	 1.6877 	 0.9664 	 0.7889 	1 	 2.1950 	 0.9193 	 0.4735 	2 	 3.3958 	 0.8184 	 0.1188 	
300 	 0.0 	 7.93 	 2.2626 	 0.8140 	 0.0547 	0 	 1.5836 	 0.9756 	 0.8445 	1 	 2.0374 	 0.9316 	 0.5381 	2 	 3.1274 	 0.8336 	 0.1416 	
400 	 0.1 	 7.94 	 2.1142 	 0.8329 	 0.1250 	0 	 1.5274 	 0.9785 	 0.8598 	1 	 1.9552 	 0.9375 	 0.5736 	2 	 2.9893 	 0.8439 	 0.1603 	
500 	 0.1 	 7.83 	 2.0154 	 0.9301 	 0.4922 	0 	 1.4860 	 0.9821 	 0.8857 	1 	 1.9074 	 0.9420 	 0.5973 	2 	 2.9409 	 0.8503 	 0.1806 	
600 	 0.1 	 7.86 	 1.9652 	 0.9749 	 0.8203 	0 	 1.4677 	 0.9834 	 0.8937 	1 	 1.8767 	 0.9440 	 0.6110 	2 	 2.8817 	 0.8557 	 0.1912 	
700 	 0.1 	 8.03 	 1.9256 	 0.8318 	 0.1484 	0 	 1.4488 	 0.9845 	 0.8997 	1 	 1.8516 	 0.9455 	 0.6205 	2 	 2.8449 	 0.8578 	 0.1977 	
800 	 0.1 	 8.21 	 1.8979 	 0.8119 	 0.0703 	0 	 1.4313 	 0.9851 	 0.9049 	1 	 1.8247 	 0.9477 	 0.6335 	2 	 2.8011 	 0.8597 	 0.2107 	
900 	 0.1 	 8.04 	 1.8959 	 0.9908 	 0.9219 	0 	 1.4183 	 0.9865 	 0.9140 	1 	 1.8115 	 0.9493 	 0.6488 	2 	 2.7889 	 0.8613 	 0.2197 	
1000 	 0.1 	 8.07 	 1.8929 	 0.9451 	 0.6250 	0 	 1.4131 	 0.9871 	 0.9186 	1 	 1.8000 	 0.9503 	 0.6537 	2 	 2.7552 	 0.8634 	 0.2238 	
1100 	 0.2 	 7.91 	 1.8311 	 0.9809 	 0.8984 	0 	 1.4030 	 0.9861 	 0.9144 	1 	 1.7849 	 0.9501 	 0.6520 	2 	 2.7134 	 0.8651 	 0.2156 	
1200 	 0.2 	 8.00 	 1.8233 	 0.9474 	 0.6094 	0 	 1.3972 	 0.9884 	 0.9276 	1 	 1.7725 	 0.9522 	 0.6648 	2 	 2.6991 	 0.8675 	 0.2417 	
1300 	 0.2 	 8.07 	 1.8811 	 0.9864 	 0.9062 	0 	 1.3892 	 0.9887 	 0.9294 	1 	 1.7627 	 0.9529 	 0.6690 	2 	 2.6893 	 0.8688 	 0.2425 	
1400 	 0.2 	 8.05 	 1.8166 	 0.9815 	 0.8828 	0 	 1.3839 	 0.9889 	 0.9311 	1 	 1.7560 	 0.9532 	 0.6732 	2 	 2.6691 	 0.8703 	 0.2506 	
1500 	 0.2 	 8.17 	 1.8021 	 0.9548 	 0.7109 	0 	 1.3774 	 0.9893 	 0.9308 	1 	 1.7424 	 0.9541 	 0.6789 	2 	 2.6434 	 0.8705 	 0.2441 	
1600 	 0.2 	 8.29 	 1.8617 	 0.9535 	 0.6328 	0 	 1.3721 	 0.9898 	 0.9350 	1 	 1.7364 	 0.9543 	 0.6743 	2 	 2.6297 	 0.8719 	 0.2400 	
1700 	 0.2 	 8.21 	 1.8016 	 0.9447 	 0.5859 	0 	 1.3690 	 0.9897 	 0.9343 	1 	 1.7281 	 0.9545 	 0.6760 	2 	 2.6041 	 0.8748 	 0.2604 	
1800 	 0.3 	 8.00 	 1.7115 	 0.9573 	 0.6641 	0 	 1.3629 	 0.9907 	 0.9395 	1 	 1.7272 	 0.9555 	 0.6862 	2 	 2.6301 	 0.8729 	 0.2596 	
1900 	 0.3 	 8.14 	 1.7895 	 0.9843 	 0.8750 	0 	 1.3615 	 0.9900 	 0.9374 	1 	 1.7194 	 0.9549 	 0.6825 	2 	 2.6079 	 0.8734 	 0.2539 	
2000 	 0.3 	 8.15 	 1.7953 	 0.9532 	 0.6641 	0 	 1.3605 	 0.9902 	 0.9364 	1 	 1.7182 	 0.9558 	 0.6868 	2 	 2.5860 	 0.8753 	 0.2587 	
2100 	 0.3 	 7.83 	 1.7019 	 0.9963 	 0.9688 	0 	 1.3545 	 0.9906 	 0.9392 	1 	 1.7150 	 0.9572 	 0.6998 	2 	 2.6028 	 0.8761 	 0.2693 	
2200 	 0.3 	 8.14 	 1.8262 	 0.9496 	 0.6797 	0 	 1.3543 	 0.9906 	 0.9388 	1 	 1.7045 	 0.9572 	 0.6936 	2 	 2.5616 	 0.8779 	 0.2718 	
2300 	 0.3 	 7.94 	 1.7329 	 0.9414 	 0.5938 	0 	 1.3471 	 0.9906 	 0.9409 	1 	 1.7033 	 0.9579 	 0.7015 	2 	 2.5824 	 0.8763 	 0.2758 	
2400 	 0.3 	 8.01 	 1.7566 	 0.9569 	 0.6406 	0 	 1.3483 	 0.9913 	 0.9441 	1 	 1.6994 	 0.9575 	 0.6966 	2 	 2.5635 	 0.8767 	 0.2644 	
2500 	 0.4 	 7.88 	 1.7226 	 0.9818 	 0.8672 	0 	 1.3475 	 0.9901 	 0.9374 	1 	 1.6983 	 0.9577 	 0.7012 	2 	 2.5576 	 0.8787 	 0.2750 	
2600 	 0.4 	 7.89 	 1.7290 	 0.9480 	 0.6016 	0 	 1.3431 	 0.9916 	 0.9462 	1 	 1.6961 	 0.9579 	 0.7015 	2 	 2.5660 	 0.8773 	 0.2628 	
2700 	 0.4 	 7.92 	 1.7220 	 0.9909 	 0.9297 	0 	 1.3412 	 0.9912 	 0.9427 	1 	 1.6910 	 0.9579 	 0.7024 	2 	 2.5546 	 0.8784 	 0.2742 	
2800 	 0.4 	 8.06 	 1.7701 	 0.9485 	 0.6172 	0 	 1.3409 	 0.9908 	 0.9402 	1 	 1.6886 	 0.9583 	 0.7052 	2 	 2.5525 	 0.8796 	 0.2783 	
2900 	 0.4 	 7.93 	 1.7179 	 0.9464 	 0.5938 	0 	 1.3416 	 0.9912 	 0.9437 	1 	 1.6879 	 0.9585 	 0.7056 	2 	 2.5397 	 0.8793 	 0.2815 	
3000 	 0.4 	 7.92 	 1.7021 	 0.9527 	 0.6328 	0 	 1.3364 	 0.9914 	 0.9451 	1 	 1.6818 	 0.9593 	 0.7079 	2 	 2.5331 	 0.8801 	 0.2783 	
3100 	 0.4 	 7.95 	 1.7360 	 0.9581 	 0.7031 	0 	 1.3368 	 0.9911 	 0.9423 	1 	 1.6823 	 0.9591 	 0.7107 	2 	 2.5389 	 0.8807 	 0.2872 	
3200 	 0.5 	 8.09 	 1.7832 	 0.9444 	 0.5625 	0 	 1.3367 	 0.9910 	 0.9413 	1 	 1.6786 	 0.9581 	 0.7019 	2 	 2.5196 	 0.8805 	 0.2840 	
3300 	 0.5 	 8.05 	 1.7829 	 0.8674 	 0.1953 	0 	 1.3341 	 0.9916 	 0.9451 	1 	 1.6762 	 0.9593 	 0.7073 	2 	 2.5179 	 0.8809 	 0.2758 	
3400 	 0.5 	 7.85 	 1.6936 	 0.9926 	 0.9453 	0 	 1.3331 	 0.9917 	 0.9451 	1 	 1.6760 	 0.9598 	 0.7131 	2 	 2.5299 	 0.8813 	 0.2807 	
3500 	 0.5 	 7.95 	 1.7324 	 0.9927 	 0.9453 	0 	 1.3311 	 0.9916 	 0.9462 	1 	 1.6744 	 0.9596 	 0.7130 	2 	 2.5266 	 0.8801 	 0.2823 	
3600 	 0.5 	 7.91 	 1.7048 	 0.9909 	 0.9375 	0 	 1.3298 	 0.9916 	 0.9444 	1 	 1.6719 	 0.9593 	 0.7066 	2 	 2.5247 	 0.8812 	 0.2872 	
3700 	 0.5 	 8.03 	 1.7186 	 0.8665 	 0.2578 	0 	 1.3255 	 0.9919 	 0.9479 	1 	 1.6709 	 0.9603 	 0.7156 	2 	 2.5266 	 0.8813 	 0.2880 	
3800 	 0.5 	 7.93 	 1.7264 	 0.8619 	 0.2422 	0 	 1.3298 	 0.9913 	 0.9427 	1 	 1.6701 	 0.9596 	 0.7152 	2 	 2.5056 	 0.8806 	 0.2856 	
3900 	 0.6 	 7.84 	 1.6974 	 0.8530 	 0.2422 	0 	 1.3290 	 0.9919 	 0.9476 	1 	 1.6681 	 0.9595 	 0.7112 	2 	 2.5006 	 0.8821 	 0.2913 	
4000 	 0.6 	 7.88 	 1.7004 	 0.9529 	 0.6562 	0 	 1.3283 	 0.9919 	 0.9469 	1 	 1.6656 	 0.9599 	 0.7156 	2 	 2.5088 	 0.8803 	 0.2840 	
4100 	 0.6 	 7.99 	 1.7589 	 0.9471 	 0.6406 	0 	 1.3262 	 0.9921 	 0.9490 	1 	 1.6628 	 0.9607 	 0.7216 	2 	 2.4936 	 0.8817 	 0.2962 	
4200 	 0.6 	 7.96 	 1.7275 	 0.9539 	 0.6797 	0 	 1.3275 	 0.9923 	 0.9504 	1 	 1.6650 	 0.9602 	 0.7186 	2 	 2.5015 	 0.8823 	 0.2848 	
4300 	 0.6 	 7.81 	 1.6879 	 0.9516 	 0.6953 	0 	 1.3227 	 0.9922 	 0.9493 	1 	 1.6647 	 0.9602 	 0.7156 	2 	 2.5134 	 0.8803 	 0.2889 	
4400 	 0.6 	 7.88 	 1.7098 	 0.9824 	 0.8906 	0 	 1.3273 	 0.9922 	 0.9497 	1 	 1.6644 	 0.9602 	 0.7131 	2 	 2.4952 	 0.8821 	 0.2880 	
4500 	 0.6 	 7.81 	 1.6727 	 0.9917 	 0.9375 	0 	 1.3227 	 0.9923 	 0.9493 	1 	 1.6594 	 0.9605 	 0.7184 	2 	 2.4954 	 0.8817 	 0.2913 	
4600 	 0.7 	 7.93 	 1.7158 	 0.9926 	 0.9531 	0 	 1.3245 	 0.9920 	 0.9483 	1 	 1.6585 	 0.9599 	 0.7149 	2 	 2.4830 	 0.8829 	 0.2978 	
4700 	 0.7 	 8.02 	 1.7512 	 0.9577 	 0.6562 	0 	 1.3233 	 0.9924 	 0.9507 	1 	 1.6580 	 0.9601 	 0.7121 	2 	 2.4883 	 0.8819 	 0.2897 	
4800 	 0.7 	 7.93 	 1.7160 	 0.9955 	 0.9609 	0 	 1.3260 	 0.9920 	 0.9479 	1 	 1.6612 	 0.9598 	 0.7145 	2 	 2.4921 	 0.8806 	 0.2864 	
4900 	 0.7 	 7.94 	 1.7044 	 0.9878 	 0.9141 	0 	 1.3212 	 0.9920 	 0.9469 	1 	 1.6568 	 0.9610 	 0.7189 	2 	 2.4910 	 0.8834 	 0.3019 	
5000 	 0.7 	 7.93 	 1.7246 	 0.9963 	 0.9688 	0 	 1.3205 	 0.9921 	 0.9486 	1 	 1.6552 	 0.9599 	 0.7137 	2 	 2.4802 	 0.8833 	 0.2970 	
5100 	 0.7 	 8.01 	 1.7282 	 0.9845 	 0.9141 	0 	 1.3190 	 0.9928 	 0.9514 	1 	 1.6530 	 0.9610 	 0.7168 	2 	 2.4816 	 0.8842 	 0.2954 	
5200 	 0.7 	 7.97 	 1.7166 	 0.9945 	 0.9531 	0 	 1.3196 	 0.9926 	 0.9528 	1 	 1.6532 	 0.9612 	 0.7210 	2 	 2.4775 	 0.8839 	 0.2856 	
5300 	 0.8 	 8.01 	 1.7157 	 0.9695 	 0.7578 	0 	 1.3195 	 0.9926 	 0.9528 	1 	 1.6534 	 0.9614 	 0.7235 	2 	 2.4853 	 0.8820 	 0.2929 	
5400 	 0.8 	 7.93 	 1.7051 	 0.9954 	 0.9609 	0 	 1.3196 	 0.9923 	 0.9500 	1 	 1.6503 	 0.9615 	 0.7228 	2 	 2.4731 	 0.8843 	 0.2978 	
5500 	 0.8 	 7.88 	 1.6793 	 0.8544 	 0.1250 	0 	 1.3189 	 0.9922 	 0.9493 	1 	 1.6517 	 0.9613 	 0.7216 	2 	 2.4828 	 0.8828 	 0.3002 	
5600 	 0.8 	 7.75 	 1.6259 	 0.9525 	 0.6641 	0 	 1.3153 	 0.9924 	 0.9497 	1 	 1.6510 	 0.9616 	 0.7260 	2 	 2.4856 	 0.8853 	 0.3059 	
5700 	 0.8 	 8.07 	 1.7309 	 0.9567 	 0.7109 	0 	 1.3198 	 0.9921 	 0.9483 	1 	 1.6517 	 0.9612 	 0.7212 	2 	 2.4810 	 0.8832 	 0.3059 	
5800 	 0.8 	 8.08 	 1.7050 	 0.9408 	 0.6641 	0 	 1.3148 	 0.9921 	 0.9483 	1 	 1.6476 	 0.9613 	 0.7254 	2 	 2.4764 	 0.8844 	 0.3051 	
5900 	 0.8 	 8.01 	 1.6805 	 0.9454 	 0.6562 	0 	 1.3139 	 0.9919 	 0.9493 	1 	 1.6469 	 0.9616 	 0.7249 	2 	 2.4854 	 0.8848 	 0.3076 	
6000 	 0.9 	 8.04 	 1.6966 	 0.9611 	 0.7266 	0 	 1.3156 	 0.9925 	 0.9528 	1 	 1.6455 	 0.9620 	 0.7279 	2 	 2.4662 	 0.8846 	 0.3035 	
6100 	 0.9 	 8.09 	 1.6969 	 0.9574 	 0.7109 	0 	 1.3175 	 0.9924 	 0.9532 	1 	 1.6462 	 0.9612 	 0.7223 	2 	 2.4717 	 0.8839 	 0.2978 	
6200 	 0.9 	 8.14 	 1.6542 	 0.9905 	 0.9375 	0 	 1.3136 	 0.9919 	 0.9476 	1 	 1.6461 	 0.9608 	 0.7184 	2 	 2.4762 	 0.8834 	 0.3027 	
6300 	 0.9 	 8.47 	 1.7194 	 0.9443 	 0.6484 	0 	 1.3145 	 0.9922 	 0.9511 	1 	 1.6451 	 0.9611 	 0.7205 	2 	 2.4676 	 0.8829 	 0.2994 	
6400 	 0.9 	 7.55 	 1.6390 	 0.9890 	 0.9297 	0 	 1.3124 	 0.9926 	 0.9525 	1 	 1.6420 	 0.9618 	 0.7260 	2 	 2.4675 	 0.8838 	 0.3043 	
6500 	 0.9 	 7.61 	 1.6522 	 0.9626 	 0.7578 	0 	 1.3114 	 0.9926 	 0.9518 	1 	 1.6442 	 0.9619 	 0.7288 	2 	 2.4786 	 0.8843 	 0.3019 	
6600 	 0.9 	 7.61 	 1.6815 	 0.9568 	 0.6562 	0 	 1.3120 	 0.9928 	 0.9532 	1 	 1.6427 	 0.9621 	 0.7272 	2 	 2.4690 	 0.8842 	 0.3035 	
6700 	 1.0 	 7.55 	 1.6720 	 0.9953 	 0.9688 	0 	 1.3080 	 0.9932 	 0.9549 	1 	 1.6403 	 0.9621 	 0.7277 	2 	 2.4722 	 0.8840 	 0.3027 	
6800 	 1.0 	 7.56 	 1.6456 	 0.9918 	 0.9531 	0 	 1.3089 	 0.9925 	 0.9521 	1 	 1.6373 	 0.9616 	 0.7239 	2 	 2.4553 	 0.8831 	 0.3059 	
6900 	 1.0 	 7.65 	 1.6573 	 0.9963 	 0.9688 	0 	 1.3063 	 0.9924 	 0.9504 	1 	 1.6343 	 0.9620 	 0.7261 	2 	 2.4532 	 0.8834 	 0.2970 	
7000 	 1.0 	 7.75 	 1.7063 	 0.9652 	 0.7422 	0 	 1.3058 	 0.9926 	 0.9532 	1 	 1.6325 	 0.9619 	 0.7246 	2 	 2.4475 	 0.8846 	 0.2962 	
7100 	 1.0 	 7.64 	 1.6867 	 0.9819 	 0.8828 	0 	 1.3036 	 0.9926 	 0.9556 	1 	 1.6272 	 0.9617 	 0.7203 	2 	 2.4363 	 0.8846 	 0.3019 	
7200 	 1.0 	 8.23 	 1.6936 	 0.8856 	 0.2969 	0 	 1.3120 	 0.9928 	 0.9546 	1 	 1.6398 	 0.9618 	 0.7277 	2 	 2.4621 	 0.8858 	 0.3043 	
7300 	 1.0 	 8.68 	 1.6973 	 0.9508 	 0.6250 	0 	 1.3096 	 0.9928 	 0.9546 	1 	 1.6382 	 0.9622 	 0.7272 	2 	 2.4643 	 0.8844 	 0.3011 	
7400 	 1.1 	 8.79 	 1.6921 	 0.9612 	 0.7031 	0 	 1.3126 	 0.9924 	 0.9521 	1 	 1.6395 	 0.9618 	 0.7244 	2 	 2.4555 	 0.8847 	 0.3059 	
7500 	 1.1 	 8.66 	 1.6913 	 0.9908 	 0.9375 	0 	 1.3085 	 0.9933 	 0.9581 	1 	 1.6382 	 0.9624 	 0.7295 	2 	 2.4695 	 0.8850 	 0.3108 	
7600 	 1.1 	 8.51 	 1.6590 	 0.9569 	 0.6641 	0 	 1.3087 	 0.9928 	 0.9535 	1 	 1.6369 	 0.9621 	 0.7293 	2 	 2.4611 	 0.8842 	 0.2970 	
7700 	 1.1 	 8.48 	 1.6440 	 0.9546 	 0.6406 	0 	 1.3088 	 0.9928 	 0.9532 	1 	 1.6402 	 0.9621 	 0.7309 	2 	 2.4696 	 0.8844 	 0.3027 	
7800 	 1.1 	 8.58 	 1.6287 	 0.9818 	 0.8750 	0 	 1.3102 	 0.9928 	 0.9553 	1 	 1.6402 	 0.9620 	 0.7270 	2 	 2.4682 	 0.8842 	 0.3059 	
7900 	 1.1 	 8.79 	 1.6634 	 0.9585 	 0.6875 	0 	 1.3081 	 0.9928 	 0.9528 	1 	 1.6353 	 0.9623 	 0.7300 	2 	 2.4521 	 0.8847 	 0.3076 	
8000 	 1.1 	 8.56 	 1.6110 	 0.9497 	 0.6484 	0 	 1.3052 	 0.9928 	 0.9535 	1 	 1.6342 	 0.9625 	 0.7314 	2 	 2.4628 	 0.8856 	 0.3051 	
8100 	 1.1 	 8.96 	 1.6869 	 1.0000 	 1.0000 	0 	 1.3078 	 0.9928 	 0.9539 	1 	 1.6333 	 0.9628 	 0.7326 	2 	 2.4562 	 0.8853 	 0.3084 	
8200 	 1.2 	 8.81 	 1.6252 	 0.9916 	 0.9297 	0 	 1.3095 	 0.9929 	 0.9542 	1 	 1.6365 	 0.9623 	 0.7298 	2 	 2.4665 	 0.8828 	 0.2945 	
8300 	 1.2 	 9.04 	 1.6813 	 0.9508 	 0.6172 	0 	 1.3056 	 0.9935 	 0.9574 	1 	 1.6325 	 0.9622 	 0.7309 	2 	 2.4644 	 0.8847 	 0.2954 	
8400 	 1.2 	 9.02 	 1.6623 	 0.9973 	 0.9766 	0 	 1.3058 	 0.9934 	 0.9570 	1 	 1.6328 	 0.9626 	 0.7316 	2 	 2.4636 	 0.8845 	 0.3027 	
8500 	 1.2 	 9.32 	 1.6470 	 0.9623 	 0.7344 	0 	 1.3076 	 0.9926 	 0.9528 	1 	 1.6331 	 0.9624 	 0.7309 	2 	 2.4501 	 0.8851 	 0.3051 	
8600 	 1.2 	 9.64 	 1.6553 	 0.9605 	 0.7109 	0 	 1.3062 	 0.9931 	 0.9556 	1 	 1.6318 	 0.9624 	 0.7319 	2 	 2.4605 	 0.8852 	 0.2978 	
8700 	 1.2 	 9.97 	 1.6730 	 0.9621 	 0.7109 	0 	 1.3074 	 0.9931 	 0.9549 	1 	 1.6329 	 0.9625 	 0.7297 	2 	 2.4564 	 0.8846 	 0.3076 	
8800 	 1.2 	 9.46 	 1.6901 	 0.9559 	 0.6797 	0 	 1.2999 	 0.9933 	 0.9556 	1 	 1.6231 	 0.9630 	 0.7335 	2 	 2.4409 	 0.8850 	 0.3043 	
8900 	 1.3 	 7.87 	 1.6297 	 0.9945 	 0.9766 	0 	 1.2977 	 0.9928 	 0.9535 	1 	 1.6233 	 0.9620 	 0.7249 	2 	 2.4391 	 0.8837 	 0.2986 	
9000 	 1.3 	 7.94 	 1.6935 	 0.9420 	 0.6406 	0 	 1.2959 	 0.9931 	 0.9549 	1 	 1.6149 	 0.9627 	 0.7290 	2 	 2.4224 	 0.8845 	 0.2986 	
9100 	 1.3 	 7.86 	 1.6626 	 0.9891 	 0.9141 	0 	 1.2947 	 0.9932 	 0.9549 	1 	 1.6140 	 0.9633 	 0.7330 	2 	 2.4241 	 0.8854 	 0.3100 	
9200 	 1.3 	 7.83 	 1.6685 	 0.9935 	 0.9453 	0 	 1.2936 	 0.9932 	 0.9553 	1 	 1.6133 	 0.9635 	 0.7386 	2 	 2.4238 	 0.8856 	 0.3059 	
9300 	 1.3 	 7.79 	 1.6852 	 0.9944 	 0.9531 	0 	 1.2936 	 0.9929 	 0.9535 	1 	 1.6114 	 0.9636 	 0.7384 	2 	 2.4177 	 0.8857 	 0.3124 	
9400 	 1.3 	 7.74 	 1.6480 	 0.9453 	 0.6562 	0 	 1.2925 	 0.9933 	 0.9563 	1 	 1.6073 	 0.9636 	 0.7367 	2 	 2.4147 	 0.8859 	 0.3035 	
9500 	 1.3 	 7.79 	 1.6898 	 0.9623 	 0.7031 	0 	 1.2916 	 0.9934 	 0.9577 	1 	 1.6073 	 0.9633 	 0.7363 	2 	 2.4108 	 0.8864 	 0.3076 	
9600 	 1.4 	 7.79 	 1.6863 	 0.9433 	 0.6641 	0 	 1.2881 	 0.9932 	 0.9553 	1 	 1.6029 	 0.9641 	 0.7398 	2 	 2.4099 	 0.8850 	 0.3002 	
9700 	 1.4 	 7.62 	 1.6322 	 0.9518 	 0.6719 	0 	 1.2880 	 0.9932 	 0.9556 	1 	 1.6041 	 0.9638 	 0.7369 	2 	 2.4123 	 0.8848 	 0.3084 	
9800 	 1.4 	 7.83 	 1.6930 	 0.9893 	 0.9297 	0 	 1.2873 	 0.9932 	 0.9556 	1 	 1.6026 	 0.9636 	 0.7372 	2 	 2.4084 	 0.8857 	 0.3035 	
9900 	 1.4 	 7.85 	 1.6753 	 0.9936 	 0.9609 	0 	 1.2872 	 0.9933 	 0.9556 	1 	 1.6029 	 0.9637 	 0.7441 	2 	 2.4095 	 0.8850 	 0.3019 	
10000 	 1.4 	 7.88 	 1.6514 	 0.9466 	 0.6797 	0 	 1.2861 	 0.9931 	 0.9549 	1 	 1.5990 	 0.9644 	 0.7414 	2 	 2.3982 	 0.8859 	 0.3084 	
10100 	 1.4 	 8.00 	 1.6604 	 0.8778 	 0.2266 	0 	 1.2856 	 0.9931 	 0.9556 	1 	 1.5974 	 0.9640 	 0.7381 	2 	 2.3949 	 0.8861 	 0.3051 	
10200 	 1.4 	 7.85 	 1.6384 	 0.9576 	 0.6797 	0 	 1.2820 	 0.9933 	 0.9556 	1 	 1.5941 	 0.9646 	 0.7420 	2 	 2.3961 	 0.8871 	 0.3092 	
10300 	 1.5 	 8.00 	 1.6719 	 0.9946 	 0.9609 	0 	 1.2840 	 0.9930 	 0.9539 	1 	 1.5962 	 0.9638 	 0.7374 	2 	 2.3964 	 0.8861 	 0.3076 	
10400 	 1.5 	 7.87 	 1.6210 	 0.9578 	 0.6797 	0 	 1.2809 	 0.9935 	 0.9563 	1 	 1.5915 	 0.9646 	 0.7397 	2 	 2.3925 	 0.8864 	 0.3059 	
10500 	 1.5 	 8.46 	 1.6315 	 0.9963 	 0.9688 	0 	 1.2807 	 0.9938 	 0.9591 	1 	 1.5925 	 0.9640 	 0.7397 	2 	 2.3912 	 0.8857 	 0.3011 	
10600 	 1.5 	 8.13 	 1.6839 	 0.8821 	 0.2266 	0 	 1.2826 	 0.9931 	 0.9542 	1 	 1.5929 	 0.9638 	 0.7355 	2 	 2.3966 	 0.8846 	 0.3068 	
10700 	 1.5 	 7.95 	 1.6424 	 0.9559 	 0.6719 	0 	 1.2802 	 0.9933 	 0.9560 	1 	 1.5882 	 0.9648 	 0.7435 	2 	 2.3883 	 0.8852 	 0.3043 	
10800 	 1.5 	 7.90 	 1.6193 	 0.9653 	 0.7266 	0 	 1.2786 	 0.9937 	 0.9595 	1 	 1.5897 	 0.9645 	 0.7391 	2 	 2.3875 	 0.8865 	 0.3133 	
10900 	 1.5 	 8.06 	 1.6526 	 0.9483 	 0.6406 	0 	 1.2790 	 0.9932 	 0.9546 	1 	 1.5895 	 0.9637 	 0.7363 	2 	 2.3890 	 0.8846 	 0.3043 	
11000 	 1.6 	 7.89 	 1.6505 	 0.9522 	 0.6797 	0 	 1.2814 	 0.9932 	 0.9560 	1 	 1.5884 	 0.9645 	 0.7423 	2 	 2.3892 	 0.8857 	 0.3198 	
11100 	 1.6 	 10.20 	 1.6487 	 0.8724 	 0.2734 	0 	 1.2790 	 0.9936 	 0.9584 	1 	 1.5853 	 0.9647 	 0.7435 	2 	 2.3865 	 0.8862 	 0.3116 	
11200 	 1.6 	 8.36 	 1.6356 	 0.9489 	 0.7188 	0 	 1.2790 	 0.9933 	 0.9563 	1 	 1.5842 	 0.9640 	 0.7398 	2 	 2.3827 	 0.8850 	 0.3051 	
11300 	 1.6 	 7.77 	 1.6242 	 0.9972 	 0.9844 	0 	 1.2774 	 0.9935 	 0.9570 	1 	 1.5845 	 0.9642 	 0.7418 	2 	 2.3849 	 0.8850 	 0.3076 	
11400 	 1.6 	 10.29 	 1.6597 	 0.8622 	 0.2734 	0 	 1.2788 	 0.9931 	 0.9549 	1 	 1.5834 	 0.9646 	 0.7421 	2 	 2.3760 	 0.8860 	 0.3092 	
11500 	 1.6 	 12.95 	 1.6100 	 0.9536 	 0.6641 	0 	 1.2752 	 0.9933 	 0.9560 	1 	 1.5825 	 0.9651 	 0.7456 	2 	 2.3766 	 0.8877 	 0.3222 	
11600 	 1.6 	 13.54 	 1.6305 	 0.9597 	 0.6875 	0 	 1.2751 	 0.9937 	 0.9581 	1 	 1.5823 	 0.9648 	 0.7406 	2 	 2.3796 	 0.8871 	 0.3116 	
11700 	 1.7 	 9.88 	 1.6239 	 0.9927 	 0.9531 	0 	 1.2754 	 0.9934 	 0.9577 	1 	 1.5823 	 0.9646 	 0.7435 	2 	 2.3865 	 0.8861 	 0.3059 	
11800 	 1.7 	 8.76 	 1.6453 	 0.9909 	 0.9453 	0 	 1.2751 	 0.9930 	 0.9546 	1 	 1.5792 	 0.9645 	 0.7423 	2 	 2.3736 	 0.8872 	 0.3100 	
11900 	 1.7 	 7.93 	 1.6170 	 0.8993 	 0.3047 	0 	 1.2749 	 0.9934 	 0.9574 	1 	 1.5820 	 0.9649 	 0.7441 	2 	 2.3805 	 0.8870 	 0.3141 	
12000 	 1.7 	 7.86 	 1.6075 	 0.9646 	 0.7109 	0 	 1.2746 	 0.9936 	 0.9588 	1 	 1.5767 	 0.9649 	 0.7476 	2 	 2.3716 	 0.8855 	 0.3124 	
12100 	 1.7 	 7.93 	 1.6274 	 0.9565 	 0.6719 	0 	 1.2750 	 0.9932 	 0.9567 	1 	 1.5803 	 0.9643 	 0.7442 	2 	 2.3759 	 0.8852 	 0.3092 	
12200 	 1.7 	 9.97 	 1.6327 	 0.8989 	 0.3047 	0 	 1.2730 	 0.9935 	 0.9563 	1 	 1.5767 	 0.9648 	 0.7456 	2 	 2.3679 	 0.8873 	 0.3100 	
12300 	 1.7 	 8.57 	 1.5552 	 0.9945 	 0.9609 	0 	 1.2727 	 0.9937 	 0.9584 	1 	 1.5780 	 0.9651 	 0.7486 	2 	 2.3738 	 0.8877 	 0.3084 	
12400 	 1.8 	 8.49 	 1.6305 	 0.9710 	 0.7812 	0 	 1.2717 	 0.9935 	 0.9567 	1 	 1.5758 	 0.9649 	 0.7451 	2 	 2.3685 	 0.8871 	 0.3084 	
12500 	 1.8 	 8.51 	 1.6134 	 0.9936 	 0.9453 	0 	 1.2736 	 0.9935 	 0.9581 	1 	 1.5779 	 0.9652 	 0.7476 	2 	 2.3752 	 0.8861 	 0.3133 	
12600 	 1.8 	 8.20 	 1.6441 	 0.9568 	 0.7500 	0 	 1.2734 	 0.9938 	 0.9595 	1 	 1.5764 	 0.9650 	 0.7451 	2 	 2.3654 	 0.8875 	 0.3084 	
12700 	 1.8 	 7.97 	 1.5883 	 0.8661 	 0.2578 	0 	 1.2720 	 0.9939 	 0.9588 	1 	 1.5756 	 0.9651 	 0.7462 	2 	 2.3675 	 0.8867 	 0.3116 	
12800 	 1.8 	 8.48 	 1.6297 	 0.9545 	 0.7031 	0 	 1.2712 	 0.9937 	 0.9591 	1 	 1.5730 	 0.9648 	 0.7435 	2 	 2.3651 	 0.8867 	 0.3084 	
12900 	 1.8 	 9.91 	 1.5695 	 0.9659 	 0.7656 	0 	 1.2699 	 0.9940 	 0.9605 	1 	 1.5730 	 0.9653 	 0.7476 	2 	 2.3668 	 0.8867 	 0.3108 	
13000 	 1.8 	 9.81 	 1.5849 	 0.9562 	 0.6641 	0 	 1.2694 	 0.9937 	 0.9577 	1 	 1.5711 	 0.9654 	 0.7460 	2 	 2.3700 	 0.8865 	 0.3011 	
13100 	 1.9 	 9.49 	 1.6056 	 0.9553 	 0.6484 	0 	 1.2702 	 0.9937 	 0.9581 	1 	 1.5729 	 0.9648 	 0.7428 	2 	 2.3691 	 0.8874 	 0.3141 	
13200 	 1.9 	 9.47 	 1.5972 	 0.9945 	 0.9531 	0 	 1.2693 	 0.9935 	 0.9588 	1 	 1.5695 	 0.9653 	 0.7479 	2 	 2.3630 	 0.8870 	 0.3133 	
13300 	 1.9 	 9.53 	 1.5833 	 0.9630 	 0.7266 	0 	 1.2711 	 0.9933 	 0.9560 	1 	 1.5704 	 0.9646 	 0.7437 	2 	 2.3656 	 0.8861 	 0.3133 	
13400 	 1.9 	 9.74 	 1.6314 	 0.9627 	 0.7188 	0 	 1.2709 	 0.9937 	 0.9584 	1 	 1.5707 	 0.9655 	 0.7495 	2 	 2.3591 	 0.8885 	 0.3190 	
13500 	 1.9 	 9.63 	 1.6546 	 0.9753 	 0.7578 	0 	 1.2704 	 0.9940 	 0.9595 	1 	 1.5682 	 0.9652 	 0.7465 	2 	 2.3591 	 0.8869 	 0.3116 	
13600 	 1.9 	 9.97 	 1.6674 	 0.9436 	 0.6172 	0 	 1.2680 	 0.9936 	 0.9584 	1 	 1.5655 	 0.9657 	 0.7513 	2 	 2.3525 	 0.8890 	 0.3181 	
13700 	 1.9 	 10.45 	 1.6597 	 0.9927 	 0.9375 	0 	 1.2694 	 0.9935 	 0.9563 	1 	 1.5661 	 0.9653 	 0.7476 	2 	 2.3534 	 0.8875 	 0.3198 	
13800 	 2.0 	 9.77 	 1.6286 	 0.9612 	 0.7188 	0 	 1.2689 	 0.9939 	 0.9598 	1 	 1.5658 	 0.9662 	 0.7481 	2 	 2.3530 	 0.8895 	 0.3190 	
13900 	 2.0 	 9.25 	 1.5531 	 0.9627 	 0.6719 	0 	 1.2675 	 0.9935 	 0.9567 	1 	 1.5660 	 0.9651 	 0.7471 	2 	 2.3572 	 0.8876 	 0.3165 	
14000 	 2.0 	 9.95 	 1.6136 	 0.9558 	 0.7266 	0 	 1.2676 	 0.9936 	 0.9581 	1 	 1.5653 	 0.9649 	 0.7478 	2 	 2.3560 	 0.8881 	 0.3157 	
14100 	 2.0 	 9.91 	 1.6419 	 0.8875 	 0.2812 	0 	 1.2693 	 0.9938 	 0.9581 	1 	 1.5677 	 0.9650 	 0.7464 	2 	 2.3566 	 0.8871 	 0.3043 	
14200 	 2.0 	 9.95 	 1.6582 	 0.9646 	 0.7266 	0 	 1.2688 	 0.9935 	 0.9570 	1 	 1.5658 	 0.9652 	 0.7462 	2 	 2.3532 	 0.8869 	 0.3124 	
14300 	 2.0 	 9.94 	 1.5825 	 0.9623 	 0.7344 	0 	 1.2680 	 0.9935 	 0.9563 	1 	 1.5630 	 0.9649 	 0.7448 	2 	 2.3533 	 0.8855 	 0.3108 	
14400 	 2.0 	 9.94 	 1.6407 	 0.9539 	 0.6875 	0 	 1.2666 	 0.9934 	 0.9549 	1 	 1.5641 	 0.9654 	 0.7479 	2 	 2.3510 	 0.8879 	 0.3149 	
14500 	 2.1 	 9.83 	 1.6259 	 0.9916 	 0.9375 	0 	 1.2651 	 0.9941 	 0.9602 	1 	 1.5614 	 0.9657 	 0.7495 	2 	 2.3468 	 0.8872 	 0.3076 	
14600 	 2.1 	 9.60 	 1.6450 	 0.9944 	 0.9609 	0 	 1.2666 	 0.9937 	 0.9574 	1 	 1.5646 	 0.9655 	 0.7478 	2 	 2.3514 	 0.8887 	 0.3084 	
14700 	 2.1 	 9.40 	 1.5875 	 0.9671 	 0.7578 	0 	 1.2656 	 0.9934 	 0.9567 	1 	 1.5640 	 0.9656 	 0.7513 	2 	 2.3570 	 0.8872 	 0.3084 	
14800 	 2.1 	 9.38 	 1.6030 	 0.9943 	 0.9531 	0 	 1.2636 	 0.9943 	 0.9616 	1 	 1.5598 	 0.9657 	 0.7516 	2 	 2.3479 	 0.8878 	 0.3116 	
14900 	 2.1 	 9.45 	 1.5967 	 0.9570 	 0.7266 	0 	 1.2640 	 0.9936 	 0.9567 	1 	 1.5625 	 0.9652 	 0.7485 	2 	 2.3537 	 0.8869 	 0.3092 	
15000 	 2.1 	 9.44 	 1.5952 	 0.9543 	 0.6797 	0 	 1.2643 	 0.9940 	 0.9595 	1 	 1.5625 	 0.9651 	 0.7492 	2 	 2.3552 	 0.8858 	 0.3076 	
15100 	 2.1 	 9.65 	 1.6645 	 0.9916 	 0.9375 	0 	 1.2643 	 0.9942 	 0.9623 	1 	 1.5606 	 0.9659 	 0.7516 	2 	 2.3445 	 0.8893 	 0.3214 	
15200 	 2.2 	 9.40 	 1.5793 	 0.9955 	 0.9609 	0 	 1.2636 	 0.9943 	 0.9619 	1 	 1.5589 	 0.9656 	 0.7495 	2 	 2.3459 	 0.8879 	 0.3076 	
15300 	 2.2 	 9.42 	 1.6069 	 0.9918 	 0.9297 	0 	 1.2625 	 0.9940 	 0.9598 	1 	 1.5594 	 0.9654 	 0.7495 	2 	 2.3468 	 0.8876 	 0.3165 	
15400 	 2.2 	 9.69 	 1.5890 	 0.9731 	 0.7734 	0 	 1.2629 	 0.9943 	 0.9609 	1 	 1.5609 	 0.9658 	 0.7516 	2 	 2.3528 	 0.8884 	 0.3092 	
15500 	 2.2 	 9.17 	 1.5970 	 0.9613 	 0.6797 	0 	 1.2624 	 0.9939 	 0.9584 	1 	 1.5578 	 0.9659 	 0.7511 	2 	 2.3482 	 0.8889 	 0.3124 	
15600 	 2.2 	 9.18 	 1.5928 	 0.9652 	 0.6953 	0 	 1.2624 	 0.9936 	 0.9584 	1 	 1.5566 	 0.9653 	 0.7495 	2 	 2.3403 	 0.8871 	 0.3157 	
15700 	 2.2 	 9.41 	 1.6347 	 0.8770 	 0.2500 	0 	 1.2623 	 0.9934 	 0.9563 	1 	 1.5574 	 0.9653 	 0.7486 	2 	 2.3457 	 0.8865 	 0.3116 	
15800 	 2.2 	 9.29 	 1.6381 	 0.8665 	 0.2344 	0 	 1.2630 	 0.9940 	 0.9581 	1 	 1.5587 	 0.9659 	 0.7515 	2 	 2.3462 	 0.8893 	 0.3238 	
15900 	 2.3 	 9.27 	 1.5798 	 0.9872 	 0.8984 	0 	 1.2626 	 0.9935 	 0.9563 	1 	 1.5563 	 0.9656 	 0.7499 	2 	 2.3446 	 0.8875 	 0.3133 	
16000 	 2.3 	 9.23 	 1.5943 	 0.9568 	 0.7266 	0 	 1.2626 	 0.9939 	 0.9591 	1 	 1.5574 	 0.9658 	 0.7520 	2 	 2.3461 	 0.8867 	 0.3165 	
16100 	 2.3 	 9.57 	 1.6776 	 0.8988 	 0.2969 	0 	 1.2629 	 0.9939 	 0.9581 	1 	 1.5543 	 0.9662 	 0.7550 	2 	 2.3326 	 0.8885 	 0.3190 	
16200 	 2.3 	 9.35 	 1.6193 	 0.9604 	 0.7812 	0 	 1.2629 	 0.9937 	 0.9574 	1 	 1.5565 	 0.9658 	 0.7525 	2 	 2.3444 	 0.8883 	 0.3181 	
16300 	 2.3 	 9.07 	 1.5599 	 0.9661 	 0.7500 	0 	 1.2619 	 0.9941 	 0.9591 	1 	 1.5539 	 0.9654 	 0.7488 	2 	 2.3467 	 0.8868 	 0.3100 	
16400 	 2.3 	 9.30 	 1.6147 	 0.9538 	 0.6484 	0 	 1.2621 	 0.9939 	 0.9577 	1 	 1.5545 	 0.9659 	 0.7509 	2 	 2.3426 	 0.8877 	 0.3133 	
16500 	 2.3 	 9.28 	 1.6125 	 0.9549 	 0.6875 	0 	 1.2608 	 0.9941 	 0.9591 	1 	 1.5545 	 0.9660 	 0.7502 	2 	 2.3384 	 0.8887 	 0.3165 	
16600 	 2.4 	 9.37 	 1.6259 	 0.9936 	 0.9609 	0 	 1.2594 	 0.9942 	 0.9598 	1 	 1.5528 	 0.9659 	 0.7536 	2 	 2.3417 	 0.8883 	 0.3133 	
16700 	 2.4 	 9.30 	 1.6145 	 0.9928 	 0.9375 	0 	 1.2609 	 0.9942 	 0.9591 	1 	 1.5532 	 0.9659 	 0.7488 	2 	 2.3379 	 0.8886 	 0.3222 	
16800 	 2.4 	 9.19 	 1.5922 	 0.9872 	 0.9219 	0 	 1.2619 	 0.9941 	 0.9588 	1 	 1.5535 	 0.9659 	 0.7541 	2 	 2.3429 	 0.8875 	 0.3124 	
16900 	 2.4 	 9.10 	 1.5786 	 0.9539 	 0.6562 	0 	 1.2607 	 0.9943 	 0.9605 	1 	 1.5509 	 0.9664 	 0.7550 	2 	 2.3411 	 0.8887 	 0.3181 	
17000 	 2.4 	 9.10 	 1.5679 	 0.9954 	 0.9609 	0 	 1.2609 	 0.9938 	 0.9577 	1 	 1.5516 	 0.9655 	 0.7485 	2 	 2.3362 	 0.8874 	 0.3141 	
17100 	 2.4 	 9.26 	 1.5949 	 0.9634 	 0.7266 	0 	 1.2613 	 0.9939 	 0.9581 	1 	 1.5530 	 0.9655 	 0.7504 	2 	 2.3415 	 0.8862 	 0.3108 	
17200 	 2.4 	 9.16 	 1.5677 	 0.9889 	 0.9297 	0 	 1.2590 	 0.9937 	 0.9574 	1 	 1.5500 	 0.9661 	 0.7548 	2 	 2.3347 	 0.8871 	 0.3141 	
17300 	 2.5 	 9.15 	 1.5638 	 0.9916 	 0.9531 	0 	 1.2600 	 0.9940 	 0.9591 	1 	 1.5515 	 0.9654 	 0.7478 	2 	 2.3402 	 0.8876 	 0.3157 	
17400 	 2.5 	 9.19 	 1.5870 	 0.9596 	 0.6875 	0 	 1.2600 	 0.9943 	 0.9616 	1 	 1.5502 	 0.9661 	 0.7500 	2 	 2.3384 	 0.8884 	 0.3238 	
17500 	 2.5 	 9.40 	 1.6176 	 0.9943 	 0.9609 	0 	 1.2615 	 0.9940 	 0.9588 	1 	 1.5523 	 0.9655 	 0.7537 	2 	 2.3342 	 0.8877 	 0.3165 	
17600 	 2.5 	 9.27 	 1.5917 	 0.8695 	 0.2422 	0 	 1.2594 	 0.9939 	 0.9595 	1 	 1.5504 	 0.9656 	 0.7488 	2 	 2.3391 	 0.8889 	 0.3198 	
17700 	 2.5 	 9.17 	 1.5774 	 0.9650 	 0.6953 	0 	 1.2579 	 0.9940 	 0.9591 	1 	 1.5501 	 0.9655 	 0.7486 	2 	 2.3395 	 0.8878 	 0.3190 	
17800 	 2.5 	 9.61 	 1.6488 	 0.9446 	 0.6719 	0 	 1.2576 	 0.9939 	 0.9591 	1 	 1.5486 	 0.9657 	 0.7483 	2 	 2.3370 	 0.8873 	 0.3100 	
17900 	 2.5 	 9.38 	 1.5889 	 0.9927 	 0.9531 	0 	 1.2576 	 0.9942 	 0.9612 	1 	 1.5466 	 0.9657 	 0.7495 	2 	 2.3281 	 0.8883 	 0.3214 	
18000 	 2.6 	 9.21 	 1.5715 	 0.9668 	 0.7422 	0 	 1.2571 	 0.9941 	 0.9598 	1 	 1.5488 	 0.9663 	 0.7541 	2 	 2.3346 	 0.8873 	 0.3084 	
18100 	 2.6 	 9.57 	 1.5735 	 0.9972 	 0.9766 	0 	 1.2573 	 0.9942 	 0.9612 	1 	 1.5476 	 0.9663 	 0.7553 	2 	 2.3335 	 0.8890 	 0.3222 	
18200 	 2.6 	 9.77 	 1.6615 	 0.9592 	 0.6875 	0 	 1.2573 	 0.9939 	 0.9591 	1 	 1.5464 	 0.9662 	 0.7527 	2 	 2.3331 	 0.8887 	 0.3165 	
18300 	 2.6 	 9.30 	 1.5789 	 0.9587 	 0.7734 	0 	 1.2559 	 0.9941 	 0.9591 	1 	 1.5468 	 0.9661 	 0.7518 	2 	 2.3334 	 0.8882 	 0.3100 	
18400 	 2.6 	 9.45 	 1.6191 	 0.9465 	 0.6328 	0 	 1.2576 	 0.9941 	 0.9605 	1 	 1.5478 	 0.9656 	 0.7499 	2 	 2.3295 	 0.8871 	 0.3157 	
18500 	 2.6 	 9.24 	 1.5659 	 0.9380 	 0.6562 	0 	 1.2548 	 0.9941 	 0.9605 	1 	 1.5452 	 0.9659 	 0.7513 	2 	 2.3339 	 0.8873 	 0.3124 	
18600 	 2.6 	 9.19 	 1.5585 	 0.9936 	 0.9453 	0 	 1.2565 	 0.9942 	 0.9605 	1 	 1.5467 	 0.9661 	 0.7544 	2 	 2.3371 	 0.8872 	 0.3124 	
18700 	 2.7 	 9.33 	 1.5792 	 0.9590 	 0.7344 	0 	 1.2558 	 0.9943 	 0.9616 	1 	 1.5468 	 0.9661 	 0.7544 	2 	 2.3351 	 0.8875 	 0.3173 	
18800 	 2.7 	 9.32 	 1.5653 	 0.9954 	 0.9766 	0 	 1.2547 	 0.9942 	 0.9602 	1 	 1.5431 	 0.9663 	 0.7530 	2 	 2.3277 	 0.8884 	 0.3181 	
18900 	 2.7 	 9.39 	 1.5880 	 0.9539 	 0.6797 	0 	 1.2569 	 0.9938 	 0.9567 	1 	 1.5456 	 0.9664 	 0.7578 	2 	 2.3296 	 0.8867 	 0.3181 	
19000 	 2.7 	 9.23 	 1.5571 	 0.9604 	 0.7109 	0 	 1.2559 	 0.9942 	 0.9602 	1 	 1.5453 	 0.9661 	 0.7509 	2 	 2.3298 	 0.8865 	 0.3214 	
19100 	 2.7 	 9.27 	 1.5933 	 0.9888 	 0.9297 	0 	 1.2537 	 0.9940 	 0.9598 	1 	 1.5439 	 0.9659 	 0.7511 	2 	 2.3282 	 0.8875 	 0.3157 	
19200 	 2.7 	 9.28 	 1.5975 	 0.9891 	 0.9375 	0 	 1.2548 	 0.9944 	 0.9616 	1 	 1.5423 	 0.9664 	 0.7544 	2 	 2.3242 	 0.8875 	 0.3124 	
19300 	 2.7 	 9.27 	 1.5876 	 0.9582 	 0.6484 	0 	 1.2555 	 0.9944 	 0.9616 	1 	 1.5438 	 0.9659 	 0.7504 	2 	 2.3350 	 0.8851 	 0.3092 	
19400 	 2.8 	 9.54 	 1.6559 	 0.9890 	 0.9219 	0 	 1.2563 	 0.9940 	 0.9595 	1 	 1.5470 	 0.9655 	 0.7507 	2 	 2.3341 	 0.8856 	 0.3133 	
19500 	 2.8 	 9.93 	 1.6154 	 0.9572 	 0.7109 	0 	 1.2544 	 0.9944 	 0.9616 	1 	 1.5420 	 0.9665 	 0.7548 	2 	 2.3283 	 0.8883 	 0.3165 	
19600 	 2.8 	 9.69 	 1.6574 	 0.8763 	 0.2578 	0 	 1.2554 	 0.9941 	 0.9602 	1 	 1.5445 	 0.9663 	 0.7558 	2 	 2.3268 	 0.8874 	 0.3116 	
19700 	 2.8 	 9.61 	 1.6297 	 0.9558 	 0.6953 	0 	 1.2541 	 0.9942 	 0.9602 	1 	 1.5399 	 0.9664 	 0.7541 	2 	 2.3186 	 0.8877 	 0.3222 	
19800 	 2.8 	 9.36 	 1.5607 	 0.9575 	 0.6875 	0 	 1.2561 	 0.9944 	 0.9619 	1 	 1.5435 	 0.9663 	 0.7551 	2 	 2.3292 	 0.8881 	 0.3157 	
19900 	 2.8 	 9.38 	 1.5751 	 0.9509 	 0.7109 	0 	 1.2543 	 0.9943 	 0.9605 	1 	 1.5415 	 0.9665 	 0.7571 	2 	 2.3243 	 0.8889 	 0.3271 	
20000 	 2.8 	 9.39 	 1.5991 	 0.9919 	 0.9375 	0 	 1.2545 	 0.9941 	 0.9598 	1 	 1.5405 	 0.9663 	 0.7543 	2 	 2.3260 	 0.8870 	 0.3124 	
20100 	 2.9 	 9.38 	 1.5706 	 0.9963 	 0.9688 	0 	 1.2538 	 0.9943 	 0.9605 	1 	 1.5403 	 0.9665 	 0.7562 	2 	 2.3234 	 0.8884 	 0.3255 	
20200 	 2.9 	 9.42 	 1.5886 	 0.9972 	 0.9766 	0 	 1.2537 	 0.9943 	 0.9616 	1 	 1.5436 	 0.9667 	 0.7578 	2 	 2.3344 	 0.8879 	 0.3214 	
20300 	 2.9 	 9.43 	 1.5876 	 0.9507 	 0.6328 	0 	 1.2527 	 0.9942 	 0.9602 	1 	 1.5393 	 0.9663 	 0.7523 	2 	 2.3226 	 0.8875 	 0.3108 	
20400 	 2.9 	 9.33 	 1.5508 	 0.9805 	 0.9141 	0 	 1.2546 	 0.9942 	 0.9598 	1 	 1.5417 	 0.9661 	 0.7539 	2 	 2.3292 	 0.8876 	 0.3206 	
20500 	 2.9 	 9.65 	 1.6190 	 0.9558 	 0.6797 	0 	 1.2520 	 0.9946 	 0.9626 	1 	 1.5364 	 0.9665 	 0.7553 	2 	 2.3200 	 0.8881 	 0.3133 	
20600 	 2.9 	 9.73 	 1.5739 	 0.9963 	 0.9688 	0 	 1.2531 	 0.9944 	 0.9616 	1 	 1.5378 	 0.9669 	 0.7594 	2 	 2.3230 	 0.8884 	 0.3222 	
20700 	 2.9 	 9.54 	 1.5601 	 0.9762 	 0.7891 	0 	 1.2531 	 0.9944 	 0.9612 	1 	 1.5386 	 0.9660 	 0.7548 	2 	 2.3247 	 0.8878 	 0.3247 	
20800 	 3.0 	 9.68 	 1.5813 	 0.9963 	 0.9766 	0 	 1.2528 	 0.9946 	 0.9626 	1 	 1.5385 	 0.9665 	 0.7555 	2 	 2.3269 	 0.8878 	 0.3214 	
20900 	 3.0 	 9.41 	 1.5417 	 0.9462 	 0.6172 	0 	 1.2552 	 0.9946 	 0.9630 	1 	 1.5428 	 0.9666 	 0.7564 	2 	 2.3298 	 0.8880 	 0.3173 	
21000 	 3.0 	 9.37 	 1.5672 	 0.9927 	 0.9531 	0 	 1.2534 	 0.9945 	 0.9619 	1 	 1.5388 	 0.9661 	 0.7527 	2 	 2.3246 	 0.8880 	 0.3124 	
21100 	 3.0 	 9.69 	 1.5563 	 0.9683 	 0.7578 	0 	 1.2503 	 0.9946 	 0.9623 	1 	 1.5373 	 0.9664 	 0.7537 	2 	 2.3254 	 0.8875 	 0.3165 	
21200 	 3.0 	 9.51 	 1.5941 	 0.9872 	 0.9141 	0 	 1.2533 	 0.9943 	 0.9612 	1 	 1.5411 	 0.9663 	 0.7548 	2 	 2.3289 	 0.8881 	 0.3116 	
21300 	 3.0 	 9.38 	 1.5570 	 0.9613 	 0.7188 	0 	 1.2522 	 0.9945 	 0.9643 	1 	 1.5373 	 0.9670 	 0.7606 	2 	 2.3197 	 0.8879 	 0.3222 	
21400 	 3.0 	 11.59 	 1.5834 	 0.9722 	 0.7891 	0 	 1.2517 	 0.9945 	 0.9636 	1 	 1.5369 	 0.9666 	 0.7574 	2 	 2.3184 	 0.8875 	 0.3076 	
21500 	 3.1 	 11.44 	 1.6144 	 0.9936 	 0.9531 	0 	 1.2517 	 0.9943 	 0.9605 	1 	 1.5370 	 0.9664 	 0.7541 	2 	 2.3194 	 0.8881 	 0.3157 	
21600 	 3.1 	 12.42 	 1.5867 	 0.9926 	 0.9453 	0 	 1.2508 	 0.9944 	 0.9623 	1 	 1.5361 	 0.9667 	 0.7588 	2 	 2.3189 	 0.8893 	 0.3255 	
21700 	 3.1 	 12.17 	 1.6053 	 0.9494 	 0.6797 	0 	 1.2525 	 0.9942 	 0.9605 	1 	 1.5375 	 0.9666 	 0.7557 	2 	 2.3210 	 0.8890 	 0.3255 	
21800 	 3.1 	 11.71 	 1.5804 	 0.9954 	 0.9688 	0 	 1.2522 	 0.9940 	 0.9598 	1 	 1.5360 	 0.9669 	 0.7576 	2 	 2.3155 	 0.8886 	 0.3157 	
21900 	 3.1 	 15.46 	 1.5679 	 0.9468 	 0.7031 	0 	 1.2558 	 0.9944 	 0.9626 	1 	 1.5440 	 0.9665 	 0.7560 	2 	 2.3330 	 0.8878 	 0.3181 	
22000 	 3.1 	 13.26 	 1.5535 	 0.9592 	 0.7500 	0 	 1.2517 	 0.9946 	 0.9640 	1 	 1.5361 	 0.9668 	 0.7588 	2 	 2.3223 	 0.8883 	 0.3173 	
22100 	 3.1 	 13.74 	 1.5933 	 0.9032 	 0.3438 	0 	 1.2516 	 0.9942 	 0.9612 	1 	 1.5358 	 0.9664 	 0.7557 	2 	 2.3203 	 0.8871 	 0.3165 	
22200 	 3.2 	 14.11 	 1.5860 	 0.9610 	 0.7266 	0 	 1.2502 	 0.9948 	 0.9640 	1 	 1.5341 	 0.9667 	 0.7580 	2 	 2.3149 	 0.8894 	 0.3124 	
22300 	 3.2 	 15.05 	 1.5806 	 0.9945 	 0.9531 	0 	 1.2505 	 0.9946 	 0.9633 	1 	 1.5356 	 0.9664 	 0.7567 	2 	 2.3155 	 0.8882 	 0.3141 	
22400 	 3.2 	 10.28 	 1.5591 	 0.9602 	 0.6953 	0 	 1.2513 	 0.9944 	 0.9612 	1 	 1.5377 	 0.9661 	 0.7534 	2 	 2.3201 	 0.8880 	 0.3190 	
22500 	 3.2 	 10.14 	 1.6019 	 0.9703 	 0.8047 	0 	 1.2495 	 0.9944 	 0.9623 	1 	 1.5338 	 0.9665 	 0.7564 	2 	 2.3126 	 0.8896 	 0.3238 	
22600 	 3.2 	 10.11 	 1.5839 	 0.9717 	 0.7500 	0 	 1.2518 	 0.9944 	 0.9623 	1 	 1.5341 	 0.9662 	 0.7546 	2 	 2.3171 	 0.8865 	 0.3084 	
22700 	 3.2 	 14.02 	 1.5965 	 0.9898 	 0.9375 	0 	 1.2506 	 0.9943 	 0.9619 	1 	 1.5341 	 0.9664 	 0.7571 	2 	 2.3180 	 0.8866 	 0.3084 	
22800 	 3.2 	 9.67 	 1.6279 	 0.9714 	 0.7656 	0 	 1.2490 	 0.9944 	 0.9626 	1 	 1.5338 	 0.9665 	 0.7583 	2 	 2.3121 	 0.8886 	 0.3157 	
22900 	 3.3 	 9.41 	 1.5747 	 0.9590 	 0.6875 	0 	 1.2490 	 0.9945 	 0.9626 	1 	 1.5328 	 0.9664 	 0.7567 	2 	 2.3133 	 0.8883 	 0.3181 	
23000 	 3.3 	 9.19 	 1.5813 	 0.9907 	 0.9375 	0 	 1.2502 	 0.9943 	 0.9605 	1 	 1.5329 	 0.9673 	 0.7604 	2 	 2.3139 	 0.8889 	 0.3190 	
23100 	 3.3 	 9.15 	 1.5701 	 0.9937 	 0.9531 	0 	 1.2507 	 0.9943 	 0.9609 	1 	 1.5341 	 0.9664 	 0.7537 	2 	 2.3150 	 0.8883 	 0.3076 	
23200 	 3.3 	 8.98 	 1.5276 	 0.9954 	 0.9609 	0 	 1.2503 	 0.9942 	 0.9609 	1 	 1.5331 	 0.9667 	 0.7592 	2 	 2.3201 	 0.8886 	 0.3165 	
23300 	 3.3 	 9.15 	 1.5983 	 0.9564 	 0.7188 	0 	 1.2503 	 0.9941 	 0.9591 	1 	 1.5349 	 0.9660 	 0.7525 	2 	 2.3236 	 0.8883 	 0.3165 	
23400 	 3.3 	 8.91 	 1.5485 	 0.9492 	 0.6797 	0 	 1.2496 	 0.9942 	 0.9612 	1 	 1.5333 	 0.9668 	 0.7601 	2 	 2.3149 	 0.8890 	 0.3108 	
23500 	 3.3 	 9.13 	 1.5936 	 0.9506 	 0.7031 	0 	 1.2486 	 0.9945 	 0.9626 	1 	 1.5311 	 0.9665 	 0.7551 	2 	 2.3112 	 0.8884 	 0.3133 	
23600 	 3.4 	 8.89 	 1.5308 	 0.9946 	 0.9609 	0 	 1.2498 	 0.9942 	 0.9605 	1 	 1.5360 	 0.9666 	 0.7574 	2 	 2.3213 	 0.8889 	 0.3214 	
23700 	 3.4 	 9.02 	 1.5913 	 0.9962 	 0.9688 	0 	 1.2505 	 0.9942 	 0.9609 	1 	 1.5312 	 0.9669 	 0.7576 	2 	 2.3074 	 0.8892 	 0.3173 	
23800 	 3.4 	 9.06 	 1.6078 	 0.8889 	 0.2734 	0 	 1.2488 	 0.9943 	 0.9598 	1 	 1.5315 	 0.9671 	 0.7618 	2 	 2.3081 	 0.8897 	 0.3198 	
23900 	 3.4 	 8.97 	 1.5686 	 0.8974 	 0.3125 	0 	 1.2479 	 0.9945 	 0.9636 	1 	 1.5323 	 0.9665 	 0.7555 	2 	 2.3103 	 0.8878 	 0.3124 	
24000 	 3.4 	 8.89 	 1.5538 	 0.9591 	 0.7422 	0 	 1.2481 	 0.9945 	 0.9612 	1 	 1.5318 	 0.9669 	 0.7594 	2 	 2.3122 	 0.8889 	 0.3149 	
24100 	 3.4 	 9.08 	 1.5975 	 0.9571 	 0.6875 	0 	 1.2472 	 0.9946 	 0.9633 	1 	 1.5305 	 0.9668 	 0.7583 	2 	 2.3114 	 0.8889 	 0.3076 	
24200 	 3.4 	 8.97 	 1.5923 	 0.9592 	 0.7188 	0 	 1.2486 	 0.9948 	 0.9640 	1 	 1.5289 	 0.9672 	 0.7599 	2 	 2.3081 	 0.8897 	 0.3181 	
24300 	 3.4 	 8.81 	 1.5453 	 0.9879 	 0.9219 	0 	 1.2493 	 0.9944 	 0.9619 	1 	 1.5293 	 0.9674 	 0.7632 	2 	 2.3109 	 0.8891 	 0.3165 	
24400 	 3.5 	 8.87 	 1.5694 	 0.9705 	 0.7500 	0 	 1.2485 	 0.9945 	 0.9619 	1 	 1.5298 	 0.9670 	 0.7594 	2 	 2.3113 	 0.8890 	 0.3157 	
24500 	 3.5 	 8.88 	 1.5512 	 0.9934 	 0.9531 	0 	 1.2496 	 0.9950 	 0.9650 	1 	 1.5388 	 0.9665 	 0.7558 	2 	 2.3227 	 0.8893 	 0.3141 	
24600 	 3.5 	 8.82 	 1.5469 	 0.8553 	 0.2109 	0 	 1.2468 	 0.9947 	 0.9626 	1 	 1.5285 	 0.9661 	 0.7543 	2 	 2.3103 	 0.8889 	 0.3165 	
24700 	 3.5 	 9.06 	 1.5942 	 0.8828 	 0.2656 	0 	 1.2484 	 0.9942 	 0.9602 	1 	 1.5302 	 0.9666 	 0.7583 	2 	 2.3112 	 0.8872 	 0.3149 	
24800 	 3.5 	 8.81 	 1.5675 	 0.9578 	 0.6562 	0 	 1.2478 	 0.9945 	 0.9623 	1 	 1.5292 	 0.9667 	 0.7615 	2 	 2.3083 	 0.8890 	 0.3165 	
24900 	 3.5 	 8.97 	 1.6050 	 0.9667 	 0.7109 	0 	 1.2489 	 0.9945 	 0.9605 	1 	 1.5310 	 0.9670 	 0.7627 	2 	 2.3104 	 0.8883 	 0.3165 	
25000 	 3.5 	 8.79 	 1.5653 	 0.9898 	 0.9297 	0 	 1.2478 	 0.9947 	 0.9633 	1 	 1.5277 	 0.9669 	 0.7606 	2 	 2.3090 	 0.8887 	 0.3116 	
25100 	 3.6 	 8.82 	 1.5732 	 0.9945 	 0.9609 	0 	 1.2476 	 0.9947 	 0.9640 	1 	 1.5275 	 0.9665 	 0.7595 	2 	 2.3055 	 0.8896 	 0.3190 	
25200 	 3.6 	 8.78 	 1.5635 	 0.8925 	 0.3594 	0 	 1.2479 	 0.9947 	 0.9640 	1 	 1.5290 	 0.9665 	 0.7567 	2 	 2.3144 	 0.8885 	 0.3222 	
25300 	 3.6 	 8.72 	 1.5626 	 0.9478 	 0.6797 	0 	 1.2470 	 0.9946 	 0.9643 	1 	 1.5310 	 0.9665 	 0.7580 	2 	 2.3148 	 0.8891 	 0.3133 	
25400 	 3.6 	 8.66 	 1.5396 	 0.9899 	 0.9219 	0 	 1.2479 	 0.9951 	 0.9654 	1 	 1.5282 	 0.9672 	 0.7595 	2 	 2.3099 	 0.8885 	 0.3092 	
25500 	 3.6 	 8.93 	 1.6102 	 0.9615 	 0.7344 	0 	 1.2472 	 0.9946 	 0.9626 	1 	 1.5282 	 0.9668 	 0.7595 	2 	 2.3058 	 0.8882 	 0.3133 	
25600 	 3.6 	 8.81 	 1.5634 	 0.9608 	 0.7188 	0 	 1.2465 	 0.9945 	 0.9616 	1 	 1.5287 	 0.9667 	 0.7602 	2 	 2.3116 	 0.8887 	 0.3165 	
25700 	 3.6 	 8.94 	 1.6126 	 0.9991 	 0.9922 	0 	 1.2472 	 0.9944 	 0.9616 	1 	 1.5271 	 0.9665 	 0.7597 	2 	 2.3092 	 0.8887 	 0.3206 	
25800 	 3.7 	 8.83 	 1.5597 	 0.9918 	 0.9453 	0 	 1.2473 	 0.9948 	 0.9647 	1 	 1.5280 	 0.9665 	 0.7571 	2 	 2.3136 	 0.8875 	 0.3108 	
25900 	 3.7 	 8.84 	 1.5847 	 0.9572 	 0.7344 	0 	 1.2466 	 0.9943 	 0.9602 	1 	 1.5273 	 0.9665 	 0.7583 	2 	 2.3042 	 0.8889 	 0.3092 	
26000 	 3.7 	 8.85 	 1.5768 	 0.9516 	 0.6328 	0 	 1.2466 	 0.9945 	 0.9619 	1 	 1.5264 	 0.9667 	 0.7574 	2 	 2.3025 	 0.8880 	 0.3108 	
26100 	 3.7 	 8.97 	 1.5882 	 0.9523 	 0.6953 	0 	 1.2457 	 0.9942 	 0.9595 	1 	 1.5263 	 0.9671 	 0.7587 	2 	 2.3057 	 0.8895 	 0.3157 	
26200 	 3.7 	 9.01 	 1.5735 	 0.9478 	 0.6406 	0 	 1.2459 	 0.9947 	 0.9633 	1 	 1.5293 	 0.9665 	 0.7564 	2 	 2.3077 	 0.8890 	 0.3198 	
26300 	 3.7 	 9.17 	 1.5836 	 0.9945 	 0.9688 	0 	 1.2457 	 0.9948 	 0.9650 	1 	 1.5265 	 0.9670 	 0.7609 	2 	 2.3048 	 0.8895 	 0.3165 	
26400 	 3.7 	 8.95 	 1.5484 	 0.9745 	 0.7891 	0 	 1.2449 	 0.9947 	 0.9636 	1 	 1.5263 	 0.9672 	 0.7625 	2 	 2.3049 	 0.8891 	 0.3247 	
26500 	 3.8 	 9.06 	 1.5816 	 0.8723 	 0.2344 	0 	 1.2453 	 0.9946 	 0.9616 	1 	 1.5270 	 0.9670 	 0.7613 	2 	 2.3091 	 0.8890 	 0.3247 	
26600 	 3.8 	 9.18 	 1.5887 	 0.9605 	 0.6953 	0 	 1.2456 	 0.9944 	 0.9619 	1 	 1.5253 	 0.9669 	 0.7606 	2 	 2.3001 	 0.8892 	 0.3141 	
26700 	 3.8 	 8.63 	 1.5442 	 0.9945 	 0.9609 	0 	 1.2461 	 0.9948 	 0.9640 	1 	 1.5251 	 0.9670 	 0.7580 	2 	 2.3024 	 0.8893 	 0.3157 	
26800 	 3.8 	 8.69 	 1.5567 	 0.9637 	 0.7656 	0 	 1.2456 	 0.9944 	 0.9630 	1 	 1.5258 	 0.9669 	 0.7616 	2 	 2.3093 	 0.8896 	 0.3238 	
26900 	 3.8 	 8.56 	 1.5431 	 0.9937 	 0.9531 	0 	 1.2454 	 0.9946 	 0.9633 	1 	 1.5264 	 0.9667 	 0.7580 	2 	 2.3065 	 0.8882 	 0.3222 	
27000 	 3.8 	 8.85 	 1.6150 	 0.9954 	 0.9688 	0 	 1.2460 	 0.9943 	 0.9605 	1 	 1.5263 	 0.9667 	 0.7590 	2 	 2.3042 	 0.8890 	 0.3181 	
27100 	 3.8 	 8.67 	 1.5631 	 0.9963 	 0.9688 	0 	 1.2455 	 0.9948 	 0.9633 	1 	 1.5254 	 0.9669 	 0.7597 	2 	 2.3070 	 0.8894 	 0.3190 	
27200 	 3.9 	 8.83 	 1.6172 	 0.9637 	 0.7031 	0 	 1.2463 	 0.9947 	 0.9640 	1 	 1.5252 	 0.9669 	 0.7602 	2 	 2.3032 	 0.8899 	 0.3222 	
27300 	 3.9 	 8.61 	 1.5533 	 0.9712 	 0.7109 	0 	 1.2450 	 0.9947 	 0.9630 	1 	 1.5235 	 0.9668 	 0.7583 	2 	 2.3046 	 0.8892 	 0.3206 	
27400 	 3.9 	 8.62 	 1.5573 	 0.9622 	 0.7500 	0 	 1.2448 	 0.9948 	 0.9636 	1 	 1.5241 	 0.9674 	 0.7609 	2 	 2.3019 	 0.8896 	 0.3206 	
27500 	 3.9 	 8.50 	 1.5062 	 0.9591 	 0.7266 	0 	 1.2465 	 0.9944 	 0.9612 	1 	 1.5238 	 0.9671 	 0.7611 	2 	 2.3042 	 0.8902 	 0.3206 	
27600 	 3.9 	 8.58 	 1.5406 	 0.9758 	 0.7969 	0 	 1.2458 	 0.9949 	 0.9647 	1 	 1.5250 	 0.9668 	 0.7594 	2 	 2.3079 	 0.8893 	 0.3181 	
27700 	 3.9 	 8.73 	 1.5839 	 0.9118 	 0.3203 	0 	 1.2461 	 0.9946 	 0.9630 	1 	 1.5260 	 0.9672 	 0.7632 	2 	 2.3040 	 0.8899 	 0.3198 	
27800 	 3.9 	 8.83 	 1.5682 	 0.9610 	 0.6641 	0 	 1.2444 	 0.9950 	 0.9643 	1 	 1.5230 	 0.9671 	 0.7618 	2 	 2.3021 	 0.8898 	 0.3230 	
27900 	 4.0 	 8.71 	 1.5678 	 0.8743 	 0.2266 	0 	 1.2448 	 0.9945 	 0.9619 	1 	 1.5245 	 0.9672 	 0.7627 	2 	 2.3034 	 0.8887 	 0.3247 	
28000 	 4.0 	 8.50 	 1.5396 	 0.9530 	 0.7188 	0 	 1.2458 	 0.9943 	 0.9609 	1 	 1.5234 	 0.9668 	 0.7590 	2 	 2.3017 	 0.8889 	 0.3230 	
28100 	 4.0 	 8.48 	 1.5427 	 0.9973 	 0.9766 	0 	 1.2448 	 0.9948 	 0.9640 	1 	 1.5239 	 0.9675 	 0.7629 	2 	 2.3000 	 0.8909 	 0.3287 	
28200 	 4.0 	 8.61 	 1.5511 	 0.9892 	 0.9219 	0 	 1.2441 	 0.9946 	 0.9630 	1 	 1.5229 	 0.9674 	 0.7643 	2 	 2.3031 	 0.8898 	 0.3287 	
28300 	 4.0 	 8.61 	 1.5534 	 0.9612 	 0.7109 	0 	 1.2452 	 0.9944 	 0.9584 	1 	 1.5245 	 0.9673 	 0.7629 	2 	 2.3026 	 0.8884 	 0.3214 	
28400 	 4.0 	 8.59 	 1.5427 	 0.9631 	 0.7109 	0 	 1.2433 	 0.9944 	 0.9612 	1 	 1.5230 	 0.9667 	 0.7599 	2 	 2.3081 	 0.8878 	 0.3165 	
28500 	 4.0 	 8.54 	 1.5690 	 0.8828 	 0.2422 	0 	 1.2451 	 0.9948 	 0.9636 	1 	 1.5235 	 0.9673 	 0.7648 	2 	 2.3034 	 0.8889 	 0.3100 	
28600 	 4.1 	 8.79 	 1.5676 	 0.9540 	 0.6719 	0 	 1.2447 	 0.9947 	 0.9619 	1 	 1.5228 	 0.9672 	 0.7623 	2 	 2.3045 	 0.8889 	 0.3230 	
28700 	 4.1 	 8.79 	 1.5916 	 0.9963 	 0.9688 	0 	 1.2435 	 0.9946 	 0.9626 	1 	 1.5200 	 0.9675 	 0.7648 	2 	 2.2956 	 0.8898 	 0.3238 	
28800 	 4.1 	 9.08 	 1.5925 	 0.9555 	 0.7109 	0 	 1.2439 	 0.9948 	 0.9633 	1 	 1.5219 	 0.9675 	 0.7645 	2 	 2.2991 	 0.8889 	 0.3198 	
28900 	 4.1 	 8.58 	 1.5852 	 0.9603 	 0.7188 	0 	 1.2447 	 0.9947 	 0.9630 	1 	 1.5228 	 0.9669 	 0.7592 	2 	 2.3012 	 0.8884 	 0.3181 	
29000 	 4.1 	 8.59 	 1.5763 	 0.9665 	 0.7734 	0 	 1.2438 	 0.9948 	 0.9636 	1 	 1.5216 	 0.9671 	 0.7623 	2 	 2.2998 	 0.8887 	 0.3157 	
29100 	 4.1 	 8.37 	 1.5291 	 0.9695 	 0.7266 	0 	 1.2429 	 0.9948 	 0.9633 	1 	 1.5219 	 0.9671 	 0.7613 	2 	 2.3012 	 0.8887 	 0.3222 	
29200 	 4.1 	 8.73 	 1.5667 	 0.9936 	 0.9609 	0 	 1.2448 	 0.9948 	 0.9647 	1 	 1.5254 	 0.9671 	 0.7608 	2 	 2.3100 	 0.8882 	 0.3141 	
29300 	 4.2 	 9.41 	 1.6393 	 0.9696 	 0.7812 	0 	 1.2436 	 0.9945 	 0.9623 	1 	 1.5216 	 0.9668 	 0.7595 	2 	 2.2941 	 0.8896 	 0.3165 	
29400 	 4.2 	 9.19 	 1.5586 	 0.9680 	 0.7734 	0 	 1.2432 	 0.9944 	 0.9623 	1 	 1.5194 	 0.9670 	 0.7615 	2 	 2.2962 	 0.8891 	 0.3173 	
29500 	 4.2 	 9.36 	 1.5979 	 0.8785 	 0.3281 	0 	 1.2441 	 0.9951 	 0.9654 	1 	 1.5222 	 0.9671 	 0.7578 	2 	 2.2980 	 0.8888 	 0.3173 	
29600 	 4.2 	 9.12 	 1.5451 	 0.9944 	 0.9531 	0 	 1.2429 	 0.9949 	 0.9640 	1 	 1.5200 	 0.9677 	 0.7615 	2 	 2.2980 	 0.8899 	 0.3263 	
29700 	 4.2 	 9.25 	 1.6012 	 0.9945 	 0.9609 	0 	 1.2432 	 0.9949 	 0.9650 	1 	 1.5207 	 0.9675 	 0.7613 	2 	 2.3005 	 0.8894 	 0.3198 	
29800 	 4.2 	 8.92 	 1.5377 	 0.9955 	 0.9688 	0 	 1.2422 	 0.9952 	 0.9675 	1 	 1.5202 	 0.9677 	 0.7627 	2 	 2.3021 	 0.8900 	 0.3287 	
29900 	 4.2 	 9.31 	 1.6354 	 0.9559 	 0.6484 	0 	 1.2438 	 0.9949 	 0.9650 	1 	 1.5203 	 0.9675 	 0.7627 	2 	 2.2923 	 0.8901 	 0.3214 	
30000 	 4.3 	 8.97 	 1.5527 	 0.9926 	 0.9531 	0 	 1.2449 	 0.9949 	 0.9650 	1 	 1.5210 	 0.9675 	 0.7632 	2 	 2.2953 	 0.8900 	 0.3222 	
30100 	 4.3 	 9.08 	 1.5814 	 0.9604 	 0.6953 	0 	 1.2443 	 0.9948 	 0.9636 	1 	 1.5208 	 0.9673 	 0.7631 	2 	 2.2945 	 0.8900 	 0.3230 	
30200 	 4.3 	 8.78 	 1.5377 	 0.9936 	 0.9453 	0 	 1.2426 	 0.9949 	 0.9654 	1 	 1.5204 	 0.9673 	 0.7595 	2 	 2.2917 	 0.8893 	 0.3263 	
30300 	 4.3 	 8.97 	 1.5489 	 0.9954 	 0.9688 	0 	 1.2442 	 0.9946 	 0.9643 	1 	 1.5215 	 0.9675 	 0.7648 	2 	 2.2942 	 0.8902 	 0.3247 	
30400 	 4.3 	 9.11 	 1.5943 	 0.9718 	 0.6875 	0 	 1.2423 	 0.9947 	 0.9640 	1 	 1.5200 	 0.9675 	 0.7618 	2 	 2.2960 	 0.8900 	 0.3230 	
30500 	 4.3 	 8.89 	 1.5641 	 0.9649 	 0.7031 	0 	 1.2422 	 0.9948 	 0.9643 	1 	 1.5212 	 0.9673 	 0.7611 	2 	 2.2989 	 0.8896 	 0.3238 	
30600 	 4.3 	 9.10 	 1.6067 	 0.9684 	 0.7422 	0 	 1.2433 	 0.9949 	 0.9636 	1 	 1.5191 	 0.9676 	 0.7639 	2 	 2.2883 	 0.8893 	 0.3165 	
30700 	 4.4 	 8.94 	 1.5565 	 0.9644 	 0.7344 	0 	 1.2420 	 0.9954 	 0.9675 	1 	 1.5187 	 0.9677 	 0.7653 	2 	 2.2933 	 0.8907 	 0.3263 	
30800 	 4.4 	 8.86 	 1.5381 	 0.9945 	 0.9531 	0 	 1.2438 	 0.9949 	 0.9650 	1 	 1.5213 	 0.9676 	 0.7645 	2 	 2.2992 	 0.8906 	 0.3320 	
30900 	 4.4 	 8.96 	 1.5706 	 0.9407 	 0.5938 	0 	 1.2438 	 0.9951 	 0.9643 	1 	 1.5199 	 0.9673 	 0.7615 	2 	 2.2923 	 0.8909 	 0.3247 	
31000 	 4.4 	 9.01 	 1.5770 	 0.9928 	 0.9531 	0 	 1.2433 	 0.9952 	 0.9675 	1 	 1.5188 	 0.9678 	 0.7652 	2 	 2.2924 	 0.8901 	 0.3320 	
31100 	 4.4 	 8.87 	 1.5409 	 0.8840 	 0.3281 	0 	 1.2430 	 0.9945 	 0.9619 	1 	 1.5202 	 0.9669 	 0.7560 	2 	 2.2975 	 0.8885 	 0.3222 	
31200 	 4.4 	 8.95 	 1.5730 	 0.9548 	 0.7266 	0 	 1.2429 	 0.9952 	 0.9671 	1 	 1.5191 	 0.9673 	 0.7592 	2 	 2.2938 	 0.8902 	 0.3238 	
31300 	 4.4 	 8.95 	 1.5634 	 0.9550 	 0.6875 	0 	 1.2432 	 0.9949 	 0.9654 	1 	 1.5192 	 0.9677 	 0.7631 	2 	 2.2960 	 0.8896 	 0.3230 	
31400 	 4.5 	 8.83 	 1.5540 	 0.9594 	 0.7188 	0 	 1.2435 	 0.9946 	 0.9633 	1 	 1.5210 	 0.9669 	 0.7580 	2 	 2.2961 	 0.8888 	 0.3116 	
31500 	 4.5 	 9.12 	 1.6171 	 0.9662 	 0.7109 	0 	 1.2419 	 0.9949 	 0.9643 	1 	 1.5155 	 0.9675 	 0.7622 	2 	 2.2855 	 0.8900 	 0.3255 	
31600 	 4.5 	 9.03 	 1.5583 	 0.9669 	 0.7031 	0 	 1.2421 	 0.9947 	 0.9633 	1 	 1.5160 	 0.9675 	 0.7625 	2 	 2.2926 	 0.8892 	 0.3279 	
31700 	 4.5 	 8.78 	 1.5319 	 0.9684 	 0.7578 	0 	 1.2412 	 0.9953 	 0.9671 	1 	 1.5157 	 0.9676 	 0.7646 	2 	 2.2932 	 0.8895 	 0.3271 	
31800 	 4.5 	 9.11 	 1.6211 	 0.9972 	 0.9766 	0 	 1.2428 	 0.9948 	 0.9643 	1 	 1.5166 	 0.9676 	 0.7643 	2 	 2.2847 	 0.8913 	 0.3287 	
31900 	 4.5 	 8.93 	 1.5699 	 0.9629 	 0.7422 	0 	 1.2422 	 0.9950 	 0.9643 	1 	 1.5167 	 0.9674 	 0.7631 	2 	 2.2884 	 0.8909 	 0.3312 	
32000 	 4.5 	 8.98 	 1.5819 	 0.9646 	 0.7578 	0 	 1.2426 	 0.9949 	 0.9633 	1 	 1.5178 	 0.9674 	 0.7641 	2 	 2.2909 	 0.8906 	 0.3303 	
32100 	 4.6 	 8.88 	 1.5815 	 0.9637 	 0.7188 	0 	 1.2415 	 0.9950 	 0.9643 	1 	 1.5164 	 0.9675 	 0.7620 	2 	 2.2890 	 0.8896 	 0.3222 	
32200 	 4.6 	 8.71 	 1.5337 	 0.8905 	 0.2500 	0 	 1.2419 	 0.9948 	 0.9650 	1 	 1.5179 	 0.9675 	 0.7632 	2 	 2.2924 	 0.8898 	 0.3263 	
32300 	 4.6 	 8.68 	 1.5208 	 0.9936 	 0.9531 	0 	 1.2416 	 0.9952 	 0.9661 	1 	 1.5153 	 0.9674 	 0.7618 	2 	 2.2870 	 0.8913 	 0.3279 	
32400 	 4.6 	 8.95 	 1.5505 	 0.9615 	 0.7109 	0 	 1.2424 	 0.9951 	 0.9664 	1 	 1.5162 	 0.9675 	 0.7645 	2 	 2.2875 	 0.8900 	 0.3295 	
32500 	 4.6 	 8.90 	 1.5561 	 0.8501 	 0.2812 	0 	 1.2418 	 0.9950 	 0.9654 	1 	 1.5157 	 0.9673 	 0.7618 	2 	 2.2852 	 0.8899 	 0.3295 	
32600 	 4.6 	 8.95 	 1.5735 	 0.9963 	 0.9688 	0 	 1.2418 	 0.9953 	 0.9668 	1 	 1.5164 	 0.9672 	 0.7608 	2 	 2.2877 	 0.8900 	 0.3279 	
32700 	 4.6 	 8.86 	 1.5439 	 0.9945 	 0.9609 	0 	 1.2414 	 0.9948 	 0.9640 	1 	 1.5165 	 0.9669 	 0.7599 	2 	 2.2920 	 0.8887 	 0.3165 	
32800 	 4.7 	 9.04 	 1.5913 	 0.9559 	 0.6875 	0 	 1.2419 	 0.9948 	 0.9636 	1 	 1.5175 	 0.9674 	 0.7609 	2 	 2.2936 	 0.8902 	 0.3255 	
32900 	 4.7 	 9.02 	 1.5616 	 0.9920 	 0.9453 	0 	 1.2413 	 0.9949 	 0.9640 	1 	 1.5169 	 0.9670 	 0.7599 	2 	 2.2885 	 0.8891 	 0.3149 	
33000 	 4.7 	 9.02 	 1.5772 	 0.9953 	 0.9688 	0 	 1.2413 	 0.9948 	 0.9640 	1 	 1.5162 	 0.9671 	 0.7634 	2 	 2.2855 	 0.8900 	 0.3271 	
33100 	 4.7 	 8.93 	 1.5334 	 0.9665 	 0.7500 	0 	 1.2428 	 0.9945 	 0.9616 	1 	 1.5173 	 0.9670 	 0.7595 	2 	 2.2885 	 0.8884 	 0.3100 	
33200 	 4.7 	 8.99 	 1.5459 	 0.9700 	 0.7500 	0 	 1.2404 	 0.9950 	 0.9650 	1 	 1.5161 	 0.9675 	 0.7634 	2 	 2.2892 	 0.8896 	 0.3165 	
33300 	 4.7 	 9.09 	 1.5495 	 0.8766 	 0.2344 	0 	 1.2403 	 0.9949 	 0.9643 	1 	 1.5147 	 0.9674 	 0.7608 	2 	 2.2906 	 0.8895 	 0.3214 	
33400 	 4.7 	 8.80 	 1.5147 	 0.9963 	 0.9688 	0 	 1.2416 	 0.9952 	 0.9671 	1 	 1.5207 	 0.9670 	 0.7620 	2 	 2.3002 	 0.8892 	 0.3271 	
33500 	 4.8 	 9.35 	 1.5679 	 0.9981 	 0.9844 	0 	 1.2404 	 0.9948 	 0.9640 	1 	 1.5154 	 0.9672 	 0.7631 	2 	 2.2885 	 0.8890 	 0.3198 	
33600 	 4.8 	 9.91 	 1.5727 	 0.9614 	 0.7344 	0 	 1.2406 	 0.9947 	 0.9633 	1 	 1.5141 	 0.9673 	 0.7622 	2 	 2.2831 	 0.8903 	 0.3271 	
33700 	 4.8 	 10.89 	 1.5546 	 0.9630 	 0.6875 	0 	 1.2411 	 0.9948 	 0.9636 	1 	 1.5168 	 0.9669 	 0.7599 	2 	 2.2852 	 0.8895 	 0.3214 	
33800 	 4.8 	 12.20 	 1.5410 	 0.9900 	 0.9375 	0 	 1.2403 	 0.9951 	 0.9657 	1 	 1.5157 	 0.9675 	 0.7636 	2 	 2.2872 	 0.8907 	 0.3320 	
33900 	 4.8 	 15.44 	 1.5763 	 0.9710 	 0.7812 	0 	 1.2406 	 0.9949 	 0.9636 	1 	 1.5141 	 0.9674 	 0.7641 	2 	 2.2815 	 0.8897 	 0.3303 	
34000 	 4.8 	 14.63 	 1.5282 	 0.9656 	 0.7422 	0 	 1.2400 	 0.9948 	 0.9633 	1 	 1.5141 	 0.9673 	 0.7623 	2 	 2.2876 	 0.8895 	 0.3230 	
34100 	 4.8 	 13.63 	 1.5896 	 0.9676 	 0.7422 	0 	 1.2406 	 0.9951 	 0.9657 	1 	 1.5124 	 0.9675 	 0.7632 	2 	 2.2823 	 0.8896 	 0.3214 	
34200 	 4.9 	 8.86 	 1.6017 	 0.8901 	 0.3281 	0 	 1.2429 	 0.9947 	 0.9633 	1 	 1.5150 	 0.9674 	 0.7631 	2 	 2.2853 	 0.8892 	 0.3238 	
34300 	 4.9 	 12.39 	 1.5410 	 0.9963 	 0.9688 	0 	 1.2410 	 0.9948 	 0.9643 	1 	 1.5137 	 0.9674 	 0.7636 	2 	 2.2833 	 0.8904 	 0.3255 	
34400 	 4.9 	 12.65 	 1.5160 	 0.9646 	 0.6953 	0 	 1.2407 	 0.9946 	 0.9623 	1 	 1.5144 	 0.9677 	 0.7660 	2 	 2.2858 	 0.8908 	 0.3279 	
34500 	 4.9 	 10.46 	 1.5285 	 0.8747 	 0.2031 	0 	 1.2407 	 0.9944 	 0.9616 	1 	 1.5143 	 0.9672 	 0.7638 	2 	 2.2861 	 0.8895 	 0.3287 	
34600 	 4.9 	 10.13 	 1.5473 	 0.9574 	 0.7734 	0 	 1.2410 	 0.9944 	 0.9616 	1 	 1.5124 	 0.9673 	 0.7618 	2 	 2.2787 	 0.8900 	 0.3263 	
34700 	 4.9 	 11.94 	 1.5166 	 0.9577 	 0.7031 	0 	 1.2392 	 0.9948 	 0.9647 	1 	 1.5109 	 0.9676 	 0.7646 	2 	 2.2844 	 0.8904 	 0.3271 	
34800 	 4.9 	 9.75 	 1.5528 	 0.9937 	 0.9531 	0 	 1.2413 	 0.9945 	 0.9616 	1 	 1.5149 	 0.9675 	 0.7650 	2 	 2.2903 	 0.8900 	 0.3238 	
34900 	 5.0 	 9.09 	 1.5878 	 0.8935 	 0.2578 	0 	 1.2400 	 0.9949 	 0.9654 	1 	 1.5137 	 0.9675 	 0.7639 	2 	 2.2854 	 0.8893 	 0.3271 	
35000 	 5.0 	 9.17 	 1.5542 	 0.9585 	 0.6953 	0 	 1.2407 	 0.9951 	 0.9661 	1 	 1.5134 	 0.9677 	 0.7669 	2 	 2.2849 	 0.8908 	 0.3287 	
35100 	 5.0 	 10.84 	 1.5080 	 0.9972 	 0.9766 	0 	 1.2397 	 0.9953 	 0.9675 	1 	 1.5120 	 0.9673 	 0.7616 	2 	 2.2885 	 0.8900 	 0.3303 	
35200 	 5.0 	 8.82 	 1.5589 	 0.9587 	 0.7031 	0 	 1.2403 	 0.9952 	 0.9668 	1 	 1.5132 	 0.9677 	 0.7662 	2 	 2.2863 	 0.8903 	 0.3295 	
