0.09999459981918335:0.014672514552399908 
99.95910034179673:0.6992238874892662 199.9182006835936:0.9095077737430519 
699.7319030761719:0.09963583585676868 
0.0
0.0
0.0
0.0
0.0
0.0
0.0
0.0
0.0
0.0
0.0
0.0
0.0
0.0
0.0
0.0
0.0
0.0
0.0
0.08196245488022857
0.0
0.014377197030741695
0.0
0.0
0.04667591960947626
0.0
0.1952533774256723
0.0
0.0
0.022143631953771763
0.0
0.0
0.0
0.0
0.0
0.09069725123659636
0.0
0.0
0.007409217310862994
0.0
0.0
0.0
0.0
0.0
0.0
0.052232723343472204
0.0
0.0
0.0
0.0
0.0
0.0
0.0
0.0
0.0
0.0
0.0
0.0
0.0
0.0
0.0
0.0
0.0
0.0
0.2922152805787347
0.0
0.0
0.0
0.0
0.0
0.0
0.0
0.0
0.21899704955488897
0.0
0.0
0.0
0.0
0.0
0.0
0.0
0.0
0.0
0.07658762227259126
0.0
0.0
0.0
0.0
0.0
0.0
0.0
0.0
0.0
0.0
0.0
0.0
0.0
0.0
0.0
0.0
0.0
0.0
0.014621265822585883
0.0
0.0
0.0
0.0
0.0
0.0
0.0
0.0
0.0
0.0
0.0



















0.8999999999999985:0.258299264492561 
0.8000000000000003:0.6935988633916851 
0.6000000000000006:0.2048941953667294 
0.8000000000000012:0.2317491301377604 1.6000000000000012:0.3656280495979595 
0.9000000000000004:0.15554123348506782 
1.3999999999999977:0.1075116007985217 

0.6000000000000006:0.3550724128780219 1.8000000000000007:0.5580813102813164 2.400000000000001:0.5962279667159278 
0.9:0.14386077610434078 
0.9000000000000004:0.06839450673878826 
0.8000000000000006:0.1867286639550443 
0.6000000000000006:0.2797061783283746 
0.8000000000000006:0.1395324444358092 
0.9:0.04063938957488533 
0.6999999999999988:0.20648555698826887 1.3999999999999988:0.2367026645871447 
0.5:0.1645497074559716 
0.5:0.24183567857778127 

0.8000000000000006:0.12020845872725287 
0.0
0.0
0.0
0.0
0.0
0.0
0.0
0.0
0.0
0.0
0.0
0.0
0.0
0.0
0.0
0.0
0.0
0.0
0.0
0.0
0.0
0.0
0.0
0.0
0.0
0.0
0.0
0.0
0.0
0.0
0.0
0.0
0.0
0.0
0.0
0.0
0.0
0.0
0.29983799457550064:0.10192835944304018 0.3997839927673341:0.11776435930918557 
99.96450195312485:1.5699470876419905 
199.910400390625:0.03500819030517498 299.8656005859375:0.24416520762016078 399.82080078125:0.5433486380557421 499.7760009765625:0.8061149613065071 599.731201171875:1.0548969771927321 699.6864013671875:1.2120968335724642 799.6416015625:1.3712077696755507 899.5968017578125:1.3881442307239205 
0.0
0.0
0.007069041322230017
0.007118682767294639
0.0
0.0
0.0
0.09416060633503796
0.0
0.0
0.0
0.0
0.0
0.0
0.0
0.0
0.031000329160069225
0.0
0.0
0.015704330217396367
0.0
0.0
0.0
0.0
0.0
0.0
0.1841433694670296
0.0
0.0
0.0
0.007270179673604063
0.0
0.0
0.0
0.0
0.06165914661326477
0.0
0.0
0.06663915421565124
0.04323699771757754
0.1779906175855222
0.19568976767988014
0.09090819792962199
0.0
0.0
0.4304254164228761
0.0
0.0
0.0
0.0
0.15080602388250897
0.0
0.0
0.0
0.3905348634563392
0.0
0.04481163327809111
0.015023522565589979
0.0
0.0
0.0
0.0
0.25875074930005626
0.0
0.0
0.40928355193394234
0.0
0.0
0.6697194130840798
0.0
0.6353034958081542
0.1390525921061476
0.014424812978827129
0.0
0.0
0.0
0.0
0.0
0.0
0.0
0.0
0.052454859261352196
0.0
0.0
0.0
0.0
0.0
0.0
0.0
0.0
0.0
0.0
0.0
0.0
0.0
0.0
0.0
0.0
0.0
0.0
0.0
0.0
0.0
0.0
0.0
0.0
0.0
0.0
0.0
0.0
0.0
0.0
0.0
0.0

0.8000000000000003:0.26122911495798035 
0.6000000000000006:0.15635097274030438 
0.8000000000000012:0.17567999368507914 
0.9000000000000004:0.025438848087692596 
1.2999999999999987:0.0900462204971439 

0.6000000000000006:0.2498045471190118 1.8000000000000007:0.3145920952140251 2.400000000000001:0.33715176574012523 


0.8000000000000006:0.0888317260324671 
0.5:0.055006129957573945 
0.8000000000000006:0.06402358030387471 

0.8000000000000012:0.16368655819730102 
0.5:0.10072393240423122 
0.6000000000000006:0.09964845115633401 

0.8000000000000006:0.03158430601500382 



0.8000000000000012:0.08811180275923457 



0.6000000000000006:0.08234687614388768 





0.9:0.4829952914372279 
0.6999999999999988:0.06271920180693502 
0.5:0.01610053523804418 



0.0
0.0
0.0
0.0
0.0
0.0
0.0
0.0
0.0
0.0
0.0
0.0
0.0
0.0
0.0
0.0
0.0
0.0
0.0
0.0
0.0
0.0
0.0
0.0
0.0
0.0
0.0
0.47126948383104306
0.0
0.0
0.0
0.0
0.05956411981626225
0.0
0.0
0.0
0.0
0.0
