
99.95910034179673:1.1082454724490012 199.9182006835936:1.4337549565149983 
699.7298095703126:0.37349016757759806 799.6912109375:0.5324790455857454 
0.0
0.0
0.0
0.0
0.0
0.0
0.0
0.0
0.0
0.0
0.0
0.0
0.0
0.0
0.0
0.0
0.0
0.0
0.0
0.0
0.0
0.0
0.0
0.0
0.0
0.0
0.0
0.0
0.0
0.0
0.0
0.0
0.0
0.0
0.0
0.0
0.0
0.0
0.0
0.0
0.0
0.0
0.0
0.0
0.0
0.0
0.0
0.0
0.0
0.0
0.0
0.0
0.0
0.0
0.0
0.0
0.0
0.0
0.0
0.0
0.0
0.0
0.0
0.0
0.2560950161910775
0.0
0.0
0.0
0.020032568991135237
0.0
0.0
0.0
0.0
0.11546067418497
0.0
0.0
0.0
0.0
0.0
0.0
0.0
0.0
0.0
0.043431187888956856
0.0
0.0
0.0
0.0
0.0
0.0
0.0
0.0
0.0
0.0
0.0
0.0
0.0
0.0
0.0
0.0
0.0
0.0
0.0
0.0
0.0
0.0
0.0
0.0
0.0
0.0
0.0
0.0
0.0
0.0






0.8000000000000003:0.09666027403159476 






0.9:0.43489971007487155 





1.6000000000000023:0.060679425177326246 
0.8000000000000003:0.46826954036842994 
0.6999999999999988:0.0902728110788019 

0.8000000000000006:0.1380031099978524 


0.6999999999999988:0.3754253045031029 1.3999999999999988:0.5112158799399777 


0.6000000000000006:0.06824615117286602 
0.6000000000000006:0.17999318365967773 
0.5:0.03825756313999475 

0.6999999999999988:0.13727535872296534 
0.6000000000000006:0.10844319667739444 
0.6000000000000006:0.21759592281695764 


0.0
0.0
0.0
0.0
0.0
0.0
0.0
0.0
0.0
0.0
0.0
0.0
0.0
0.0
0.0
0.0
0.0
0.0
0.0
0.0
0.0
0.0
0.0
0.0
0.0
0.0
0.0
0.0
0.0
0.0
0.0
0.0
0.0
0.0
0.0
0.0
0.0
0.0

99.96560058593735:2.061899134063503 
399.82839355468764:0.17941900974744518 499.7854919433595:0.45799495761888026 599.7425903320313:0.7033341982525123 699.6996887207032:1.0133665041405011 799.656787109375:1.260608577183026 899.6138854980469:1.2704491687608814 
0.0
0.0
0.0
0.0
0.0
0.0
0.0
0.08561509732864293
0.0
0.0
0.0
0.0
0.0
0.0
0.0
0.0
0.0
0.0
0.0
0.0
0.0
0.0
0.0
0.0
0.0
0.0
0.13507442839738698
0.0
0.0
0.0
0.0
0.0
0.0
0.0
0.0
0.0
0.0
0.0
0.0
0.0
0.0
0.0
0.0
0.0
0.0
0.23220763689408186
0.0
0.0
0.0
0.0
0.0
0.0
0.0
0.0
0.07649369859768018
0.0
0.0
0.0
0.0
0.0
0.0
0.0
0.0
0.0
0.0
0.24596668598468382
0.0
0.0
0.21825165461160922
0.0
0.0
0.0
0.0
0.0
0.0
0.0
0.0
0.0
0.0
0.0
0.0
0.0
0.0
0.0
0.0
0.0
0.0
0.0
0.0
0.0
0.0
0.0
0.0
0.0
0.0
0.0
0.0
0.0
0.0
0.0
0.0
0.0
0.0
0.0
0.0
0.0
0.0
0.0
0.0
0.0
0.0
0.0
0.0
0.0

0.8000000000000003:0.08451252348422411 
0.6999999999999988:0.18126439971257682 

0.8000000000000006:0.17999839060243525 


0.8000000000000012:0.654722055634911 1.6000000000000012:0.6754209468731195 


0.6999999999999988:0.1028051459186313 
0.6000000000000006:0.18264727747752105 
0.5:0.03712513225399365 

0.8999999999999985:0.19394860835909197 
0.6000000000000006:0.10561469325361329 
0.6000000000000006:0.2346767909473537 

0.6000000000000006:0.033215943145502067 






0.8000000000000003:0.111114046698082 






0.8000000000000003:0.08696754149578083 





0.0
0.0
0.0
0.0
0.0
0.0
0.0
0.0
0.0
0.0
0.0
0.0
0.0
0.0
0.0
0.0
0.0
0.0
0.0
0.0
0.0
0.0
0.0
0.0
0.0
0.0
0.0
0.0
0.0
0.0
0.0
0.0
0.0
0.0
0.0
0.0
0.0
0.0
0.08300660252571114:0.30122112873214574 0.1660132050514222:0.33614019066819034 
99.99769897460924:0.15241387470121565 199.9953979492186:0.285835880829417 299.993096923828:0.30273669895667743 

0.0
0.0
0.0
0.0
0.0
0.0
0.0
0.0
0.0
0.0
0.0
0.0
0.0
0.0
0.0
0.0
0.0
0.0
0.0
0.0
0.0
0.0
0.0
0.0
0.0
0.0
0.0
0.0
0.0
0.0
0.0
0.0
0.0
0.0
0.0
0.0
0.0
0.0
0.0
0.0
0.0
0.0
0.0
0.0
0.0
0.0
0.0
0.0
0.0
0.0
0.0
0.0
0.0
0.0
0.0
0.0
0.0
0.0
0.0
0.0
0.0
0.0
0.0
0.0
0.0
0.0
0.0
0.0
0.0
0.0
0.0
0.0
0.0
0.0
0.0
0.0
0.0
0.0
0.0
0.0
0.0
0.0
0.0
0.0
0.0
0.0
0.0
0.0
0.0
0.0
0.0
0.0
0.0
0.0
0.0
0.0
0.0
0.0
0.0
0.0
0.0
0.0
0.0
0.0
0.0
0.0
0.0
0.0
0.0
0.0
0.0
0.0
0.0
0.0






0.8000000000000003:0.07559790577302267 
0.8000000000000012:0.010247457221695361 



0.6000000000000006:0.010023275716199797 

0.9:0.21759083095466897 





1.6000000000000023:0.02019394167562663 
0.8000000000000003:0.27338486867938205 





0.6999999999999988:0.20676659819302406 



0.6000000000000006:0.0717348348341645 


0.6999999999999988:0.051701375020315986 

0.6000000000000006:0.0795350320908797 


0.0
0.0
0.0
0.0
0.0
0.0
0.0
0.0
0.0
0.0
0.0
0.0
0.0
0.0
0.0
0.0
0.0
0.0
0.0
0.0
0.0
0.0
0.0
0.0
0.0
0.0
0.0
0.0
0.0
0.0
0.0
0.0
0.0
0.0
0.0
0.0
0.0
0.0

100.0:0.07623227080322678 200.0:0.14198886941061115 300.0:0.36068780829153013 400.0:0.43983645350062733 

0.0
0.0
0.0
0.0
0.0
0.0
0.0
0.009918285365845325
0.0
0.0
0.0
0.0
0.0
0.0
0.0
0.0
0.0
0.0
0.0
0.0
0.0
0.0
0.0
0.0
0.0
0.0
0.05871234290924045
0.0
0.0
0.0
0.0
0.0
0.0
0.0
0.0
0.0
0.0
0.0
0.0
0.0
0.0
0.0
0.0
0.0
0.0
0.0902707430737376
0.0
0.0
0.0
0.0
0.0
0.0
0.0
0.0
0.0
0.0
0.0
0.0
0.0
0.0
0.0
0.0
0.0
0.537904893879705
0.0
0.0
0.0
0.0
0.8048337440173313
0.0
0.0
0.0
0.0
0.0
0.0
0.0
0.0
0.0
0.0
0.0
0.0
0.0
0.0
0.0
0.0
0.0
0.0
0.0
0.0
0.0
0.0
0.0
0.0
0.0
0.0
0.0
0.0
0.0
0.0
0.0
0.0
0.0
0.0
0.33862710808443724
0.0
0.0
0.0
0.0
0.45777295156219144
0.0
0.0
0.0
0.0
0.0







0.8000000000000012:0.032243668162621475 

















0.8000000000000003:0.450082420248812 

0.8000000000000003:0.34552501365074917 




0.8000000000000003:0.8491050310191223 1.8:2.183355702507954 






0.0
0.0
0.0
0.0
0.0
0.0
0.0
0.0
0.0
0.0
0.0
0.0
0.0
0.0
0.0
0.0
0.0
0.0
0.0
0.0
0.0
0.0
0.0
0.0
0.0
0.0
0.16856231833569796
0.0
0.0
0.0
0.0
0.0
0.0
0.0
0.0
0.0
0.0
