global step 	 epoch 	 step-time 	perplexity 	 last_accuracy_AA 	 last_accuracy_peptide 	valid_bucket_id 	 perplexity 	 accuracy_AA 	 accuracy_peptide 
100 	 0.0 	 10.47 	 8.4625 	 0.8851 	 0.3359 	0 	 2.6171 	 0.9080 	 0.4640 	1 	 3.5124 	 0.8363 	 0.1912 	2 	 5.6713 	 0.6992 	 0.0164 	
200 	 0.0 	 10.82 	 3.5122 	 0.9317 	 0.5781 	0 	 2.0565 	 0.9516 	 0.6721 	1 	 2.8105 	 0.8783 	 0.3274 	2 	 4.7086 	 0.7428 	 0.0432 	
300 	 0.0 	 10.73 	 3.0881 	 0.8991 	 0.3750 	0 	 1.8841 	 0.9631 	 0.7407 	1 	 2.6086 	 0.8925 	 0.3790 	2 	 4.3756 	 0.7571 	 0.0561 	
400 	 0.0 	 10.41 	 2.8555 	 0.9438 	 0.6719 	0 	 1.8200 	 0.9654 	 0.7591 	1 	 2.5193 	 0.8965 	 0.4008 	2 	 4.2389 	 0.7619 	 0.0626 	
500 	 0.0 	 10.39 	 2.6481 	 0.8826 	 0.3516 	0 	 1.7553 	 0.9714 	 0.7925 	1 	 2.4501 	 0.9035 	 0.4313 	2 	 4.1588 	 0.7676 	 0.0725 	
600 	 0.1 	 11.47 	 2.8336 	 0.9531 	 0.6953 	0 	 1.7239 	 0.9710 	 0.7914 	1 	 2.4051 	 0.9035 	 0.4316 	2 	 4.0597 	 0.7689 	 0.0690 	
700 	 0.1 	 12.94 	 2.6381 	 0.8725 	 0.3438 	0 	 1.6990 	 0.9733 	 0.8059 	1 	 2.3651 	 0.9070 	 0.4504 	2 	 3.9798 	 0.7749 	 0.0874 	
800 	 0.1 	 12.68 	 2.6015 	 0.8919 	 0.4141 	0 	 1.6759 	 0.9750 	 0.8199 	1 	 2.3363 	 0.9094 	 0.4595 	2 	 3.9297 	 0.7766 	 0.0814 	
900 	 0.1 	 11.65 	 2.4799 	 0.9646 	 0.7578 	0 	 1.6558 	 0.9759 	 0.8249 	1 	 2.3151 	 0.9096 	 0.4612 	2 	 3.9049 	 0.7765 	 0.0839 	
1000 	 0.1 	 11.38 	 2.4667 	 0.8972 	 0.3828 	0 	 1.6439 	 0.9764 	 0.8243 	1 	 2.2985 	 0.9110 	 0.4681 	2 	 3.8765 	 0.7786 	 0.0943 	
1100 	 0.1 	 12.21 	 2.5841 	 0.9090 	 0.4141 	0 	 1.6400 	 0.9773 	 0.8338 	1 	 2.2846 	 0.9126 	 0.4737 	2 	 3.8480 	 0.7810 	 0.0943 	
1200 	 0.1 	 11.67 	 2.5195 	 0.9716 	 0.8281 	0 	 1.6230 	 0.9790 	 0.8450 	1 	 2.2614 	 0.9151 	 0.4850 	2 	 3.8034 	 0.7854 	 0.1018 	
1300 	 0.1 	 12.22 	 2.5107 	 0.8957 	 0.4375 	0 	 1.6129 	 0.9787 	 0.8405 	1 	 2.2508 	 0.9141 	 0.4846 	2 	 3.7832 	 0.7848 	 0.1023 	
1400 	 0.1 	 11.43 	 2.4412 	 0.9141 	 0.4375 	0 	 1.6012 	 0.9798 	 0.8489 	1 	 2.2392 	 0.9149 	 0.4875 	2 	 3.7725 	 0.7876 	 0.1068 	
1500 	 0.1 	 12.82 	 2.5487 	 0.9135 	 0.4375 	0 	 1.5939 	 0.9807 	 0.8533 	1 	 2.2283 	 0.9170 	 0.4962 	2 	 3.7455 	 0.7890 	 0.1082 	
1600 	 0.1 	 11.57 	 2.4781 	 0.7734 	 0.0781 	0 	 1.5908 	 0.9798 	 0.8511 	1 	 2.2162 	 0.9166 	 0.4952 	2 	 3.7203 	 0.7891 	 0.1023 	
1700 	 0.2 	 11.97 	 2.4103 	 0.9023 	 0.4141 	0 	 1.5831 	 0.9809 	 0.8567 	1 	 2.2062 	 0.9181 	 0.5041 	2 	 3.7058 	 0.7912 	 0.1117 	
1800 	 0.2 	 10.29 	 2.3256 	 0.9135 	 0.4688 	0 	 1.5759 	 0.9820 	 0.8661 	1 	 2.2077 	 0.9187 	 0.5034 	2 	 3.7285 	 0.7920 	 0.1127 	
1900 	 0.2 	 10.68 	 2.4405 	 0.9351 	 0.5391 	0 	 1.5767 	 0.9811 	 0.8555 	1 	 2.2004 	 0.9176 	 0.5002 	2 	 3.6894 	 0.7917 	 0.1127 	
2000 	 0.2 	 9.89 	 2.4323 	 0.9139 	 0.4375 	0 	 1.5723 	 0.9817 	 0.8600 	1 	 2.1943 	 0.9185 	 0.5052 	2 	 3.6888 	 0.7913 	 0.1112 	
2100 	 0.2 	 9.79 	 2.3982 	 0.9064 	 0.4297 	0 	 1.5658 	 0.9814 	 0.8595 	1 	 2.1826 	 0.9192 	 0.5064 	2 	 3.6717 	 0.7921 	 0.1132 	
2200 	 0.2 	 9.85 	 2.3734 	 0.7708 	 0.0547 	0 	 1.5616 	 0.9814 	 0.8600 	1 	 2.1790 	 0.9192 	 0.5082 	2 	 3.6678 	 0.7919 	 0.1087 	
2300 	 0.2 	 10.24 	 2.4439 	 0.9082 	 0.4141 	0 	 1.5592 	 0.9824 	 0.8673 	1 	 2.1774 	 0.9191 	 0.5068 	2 	 3.6568 	 0.7917 	 0.1092 	
2400 	 0.2 	 8.12 	 2.3361 	 0.9093 	 0.4453 	0 	 1.5551 	 0.9818 	 0.8622 	1 	 2.1715 	 0.9198 	 0.5136 	2 	 3.6512 	 0.7941 	 0.1147 	
2500 	 0.2 	 8.15 	 2.3278 	 0.7660 	 0.0781 	0 	 1.5541 	 0.9822 	 0.8673 	1 	 2.1683 	 0.9204 	 0.5172 	2 	 3.6555 	 0.7938 	 0.1197 	
2600 	 0.2 	 8.11 	 2.3696 	 0.8035 	 0.1797 	0 	 1.5531 	 0.9822 	 0.8661 	1 	 2.1657 	 0.9200 	 0.5102 	2 	 3.6383 	 0.7947 	 0.1207 	
2700 	 0.2 	 8.04 	 2.2493 	 0.9283 	 0.4688 	0 	 1.5500 	 0.9819 	 0.8650 	1 	 2.1606 	 0.9200 	 0.5098 	2 	 3.6438 	 0.7931 	 0.1177 	
2800 	 0.2 	 8.08 	 2.3151 	 0.9765 	 0.8203 	0 	 1.5502 	 0.9832 	 0.8712 	1 	 2.1634 	 0.9210 	 0.5181 	2 	 3.6446 	 0.7952 	 0.1256 	
2900 	 0.3 	 8.29 	 2.4725 	 0.9259 	 0.5078 	0 	 1.5454 	 0.9824 	 0.8667 	1 	 2.1538 	 0.9210 	 0.5177 	2 	 3.6171 	 0.7947 	 0.1221 	
3000 	 0.3 	 8.26 	 2.4577 	 0.8127 	 0.0859 	0 	 1.5438 	 0.9825 	 0.8684 	1 	 2.1491 	 0.9216 	 0.5206 	2 	 3.6023 	 0.7965 	 0.1236 	
3100 	 0.3 	 8.16 	 2.4029 	 0.7746 	 0.1094 	0 	 1.5357 	 0.9829 	 0.8712 	1 	 2.1455 	 0.9215 	 0.5227 	2 	 3.6106 	 0.7957 	 0.1246 	
3200 	 0.3 	 8.15 	 2.4159 	 0.9183 	 0.4922 	0 	 1.5394 	 0.9827 	 0.8673 	1 	 2.1490 	 0.9216 	 0.5195 	2 	 3.6064 	 0.7946 	 0.1231 	
3300 	 0.3 	 8.13 	 2.3912 	 0.9067 	 0.4609 	0 	 1.5345 	 0.9833 	 0.8728 	1 	 2.1409 	 0.9223 	 0.5217 	2 	 3.5992 	 0.7954 	 0.1216 	
3400 	 0.3 	 8.01 	 2.3278 	 0.9111 	 0.5000 	0 	 1.5365 	 0.9831 	 0.8723 	1 	 2.1408 	 0.9218 	 0.5186 	2 	 3.5962 	 0.7953 	 0.1236 	
3500 	 0.3 	 8.14 	 2.4222 	 0.8955 	 0.4062 	0 	 1.5372 	 0.9827 	 0.8706 	1 	 2.1390 	 0.9217 	 0.5166 	2 	 3.5818 	 0.7973 	 0.1216 	
3600 	 0.3 	 8.01 	 2.3074 	 0.8900 	 0.4062 	0 	 1.5288 	 0.9838 	 0.8762 	1 	 2.1364 	 0.9223 	 0.5251 	2 	 3.5986 	 0.7969 	 0.1251 	
3700 	 0.3 	 7.99 	 2.3175 	 0.7802 	 0.0781 	0 	 1.5309 	 0.9834 	 0.8762 	1 	 2.1392 	 0.9225 	 0.5235 	2 	 3.5974 	 0.7968 	 0.1311 	
3800 	 0.3 	 7.99 	 2.2782 	 0.9353 	 0.5703 	0 	 1.5274 	 0.9834 	 0.8740 	1 	 2.1305 	 0.9226 	 0.5249 	2 	 3.5890 	 0.7969 	 0.1202 	
3900 	 0.3 	 8.20 	 2.3703 	 0.7658 	 0.1094 	0 	 1.5259 	 0.9831 	 0.8689 	1 	 2.1269 	 0.9223 	 0.5243 	2 	 3.5770 	 0.7968 	 0.1221 	
4000 	 0.4 	 8.12 	 2.2980 	 0.9280 	 0.5547 	0 	 1.5259 	 0.9827 	 0.8689 	1 	 2.1245 	 0.9226 	 0.5286 	2 	 3.5774 	 0.7961 	 0.1212 	
4100 	 0.4 	 8.12 	 2.3798 	 0.9171 	 0.4688 	0 	 1.5228 	 0.9842 	 0.8795 	1 	 2.1226 	 0.9228 	 0.5286 	2 	 3.5682 	 0.7971 	 0.1296 	
4200 	 0.4 	 7.98 	 2.3552 	 0.7698 	 0.0859 	0 	 1.5266 	 0.9834 	 0.8784 	1 	 2.1287 	 0.9229 	 0.5285 	2 	 3.5738 	 0.7984 	 0.1321 	
4300 	 0.4 	 8.01 	 2.4607 	 0.9102 	 0.4453 	0 	 1.5224 	 0.9837 	 0.8767 	1 	 2.1249 	 0.9226 	 0.5277 	2 	 3.5636 	 0.7978 	 0.1296 	
4400 	 0.4 	 7.77 	 2.3506 	 0.8009 	 0.0703 	0 	 1.5212 	 0.9834 	 0.8745 	1 	 2.1170 	 0.9231 	 0.5288 	2 	 3.5517 	 0.7979 	 0.1286 	
4500 	 0.4 	 7.61 	 2.2979 	 0.7691 	 0.0703 	0 	 1.5179 	 0.9833 	 0.8751 	1 	 2.1191 	 0.9242 	 0.5358 	2 	 3.5664 	 0.7986 	 0.1321 	
4600 	 0.4 	 7.72 	 2.3672 	 0.7828 	 0.1250 	0 	 1.5208 	 0.9832 	 0.8723 	1 	 2.1194 	 0.9230 	 0.5288 	2 	 3.5620 	 0.7969 	 0.1331 	
4700 	 0.4 	 7.58 	 2.3030 	 0.9774 	 0.8359 	0 	 1.5197 	 0.9832 	 0.8728 	1 	 2.1158 	 0.9230 	 0.5256 	2 	 3.5548 	 0.7965 	 0.1256 	
4800 	 0.4 	 7.63 	 2.3475 	 0.7767 	 0.0781 	0 	 1.5178 	 0.9839 	 0.8779 	1 	 2.1169 	 0.9238 	 0.5317 	2 	 3.5504 	 0.7992 	 0.1326 	
4900 	 0.4 	 7.50 	 2.2301 	 0.7787 	 0.0625 	0 	 1.5141 	 0.9844 	 0.8823 	1 	 2.1126 	 0.9238 	 0.5304 	2 	 3.5609 	 0.7980 	 0.1271 	
5000 	 0.4 	 7.69 	 2.3052 	 0.8962 	 0.4062 	0 	 1.5125 	 0.9841 	 0.8795 	1 	 2.1056 	 0.9233 	 0.5288 	2 	 3.5431 	 0.7975 	 0.1256 	
5100 	 0.5 	 8.19 	 2.3950 	 0.9169 	 0.4844 	0 	 1.5173 	 0.9844 	 0.8829 	1 	 2.1108 	 0.9238 	 0.5285 	2 	 3.5426 	 0.7989 	 0.1316 	
5200 	 0.5 	 8.08 	 2.3235 	 0.9263 	 0.4922 	0 	 1.5133 	 0.9843 	 0.8812 	1 	 2.1061 	 0.9245 	 0.5324 	2 	 3.5390 	 0.7987 	 0.1321 	
5300 	 0.5 	 8.03 	 2.3039 	 0.9188 	 0.4688 	0 	 1.5130 	 0.9837 	 0.8784 	1 	 2.1051 	 0.9238 	 0.5333 	2 	 3.5356 	 0.7982 	 0.1256 	
5400 	 0.5 	 8.09 	 2.3592 	 0.9792 	 0.8594 	0 	 1.5147 	 0.9843 	 0.8812 	1 	 2.1035 	 0.9238 	 0.5346 	2 	 3.5239 	 0.7991 	 0.1296 	
5500 	 0.5 	 7.97 	 2.3141 	 0.9103 	 0.4766 	0 	 1.5106 	 0.9844 	 0.8846 	1 	 2.1053 	 0.9238 	 0.5338 	2 	 3.5373 	 0.7988 	 0.1316 	
5600 	 0.5 	 7.94 	 2.3078 	 0.9201 	 0.4453 	0 	 1.5098 	 0.9838 	 0.8790 	1 	 2.1078 	 0.9237 	 0.5315 	2 	 3.5502 	 0.7987 	 0.1286 	
5700 	 0.5 	 8.04 	 2.3756 	 0.7869 	 0.0625 	0 	 1.5073 	 0.9841 	 0.8795 	1 	 2.1028 	 0.9242 	 0.5363 	2 	 3.5326 	 0.7996 	 0.1311 	
5800 	 0.5 	 7.79 	 2.2062 	 0.9002 	 0.4688 	0 	 1.5075 	 0.9830 	 0.8723 	1 	 2.1004 	 0.9236 	 0.5317 	2 	 3.5320 	 0.7976 	 0.1291 	
5900 	 0.5 	 7.92 	 2.2834 	 0.9202 	 0.4531 	0 	 1.5079 	 0.9838 	 0.8790 	1 	 2.1050 	 0.9240 	 0.5326 	2 	 3.5374 	 0.7991 	 0.1301 	
6000 	 0.5 	 8.00 	 2.3435 	 0.9818 	 0.8750 	0 	 1.5086 	 0.9836 	 0.8767 	1 	 2.0988 	 0.9245 	 0.5374 	2 	 3.5274 	 0.8005 	 0.1385 	
6100 	 0.5 	 7.92 	 2.3317 	 0.7858 	 0.0859 	0 	 1.5030 	 0.9840 	 0.8840 	1 	 2.0955 	 0.9239 	 0.5331 	2 	 3.5208 	 0.7999 	 0.1341 	
6200 	 0.6 	 8.03 	 2.4129 	 0.9249 	 0.5547 	0 	 1.5045 	 0.9841 	 0.8795 	1 	 2.0964 	 0.9245 	 0.5360 	2 	 3.5231 	 0.7976 	 0.1301 	
6300 	 0.6 	 7.88 	 2.2801 	 0.9244 	 0.5469 	0 	 1.5066 	 0.9843 	 0.8806 	1 	 2.0944 	 0.9250 	 0.5371 	2 	 3.5150 	 0.7993 	 0.1321 	
6400 	 0.6 	 8.03 	 2.3962 	 0.9317 	 0.5391 	0 	 1.5008 	 0.9839 	 0.8784 	1 	 2.0915 	 0.9246 	 0.5347 	2 	 3.5250 	 0.7983 	 0.1311 	
6500 	 0.6 	 8.02 	 2.3681 	 0.9367 	 0.5312 	0 	 1.5019 	 0.9848 	 0.8868 	1 	 2.0935 	 0.9246 	 0.5354 	2 	 3.5142 	 0.8005 	 0.1336 	
6600 	 0.6 	 8.11 	 2.4063 	 0.7626 	 0.0938 	0 	 1.5076 	 0.9836 	 0.8767 	1 	 2.0925 	 0.9246 	 0.5338 	2 	 3.4992 	 0.8008 	 0.1326 	
6700 	 0.6 	 7.87 	 2.2478 	 0.7893 	 0.0859 	0 	 1.5024 	 0.9839 	 0.8801 	1 	 2.0884 	 0.9249 	 0.5376 	2 	 3.5040 	 0.7998 	 0.1341 	
6800 	 0.6 	 8.04 	 2.2939 	 0.9256 	 0.5469 	0 	 1.5012 	 0.9843 	 0.8801 	1 	 2.0912 	 0.9243 	 0.5333 	2 	 3.5145 	 0.7983 	 0.1286 	
6900 	 0.6 	 8.07 	 2.3582 	 0.7726 	 0.0938 	0 	 1.5010 	 0.9835 	 0.8756 	1 	 2.0869 	 0.9243 	 0.5346 	2 	 3.4996 	 0.7998 	 0.1336 	
7000 	 0.6 	 7.86 	 2.2515 	 0.7839 	 0.0781 	0 	 1.4998 	 0.9842 	 0.8790 	1 	 2.0872 	 0.9246 	 0.5372 	2 	 3.5029 	 0.8003 	 0.1360 	
7100 	 0.6 	 7.87 	 2.2534 	 0.9060 	 0.4297 	0 	 1.4982 	 0.9850 	 0.8890 	1 	 2.0872 	 0.9259 	 0.5442 	2 	 3.5081 	 0.8012 	 0.1380 	
7200 	 0.6 	 7.75 	 2.3541 	 0.7867 	 0.1016 	0 	 1.4998 	 0.9851 	 0.8862 	1 	 2.0873 	 0.9253 	 0.5426 	2 	 3.5065 	 0.8001 	 0.1331 	
7300 	 0.7 	 7.55 	 2.2717 	 0.9229 	 0.5078 	0 	 1.4971 	 0.9856 	 0.8929 	1 	 2.0839 	 0.9250 	 0.5405 	2 	 3.5086 	 0.8006 	 0.1341 	
7400 	 0.7 	 7.74 	 2.4000 	 0.9022 	 0.4766 	0 	 1.5000 	 0.9851 	 0.8885 	1 	 2.0817 	 0.9248 	 0.5410 	2 	 3.4934 	 0.7997 	 0.1336 	
7500 	 0.7 	 7.53 	 2.1872 	 0.9101 	 0.4766 	0 	 1.4955 	 0.9846 	 0.8840 	1 	 2.0822 	 0.9248 	 0.5448 	2 	 3.5080 	 0.8005 	 0.1405 	
7600 	 0.7 	 7.76 	 2.3764 	 0.9788 	 0.8516 	0 	 1.5013 	 0.9849 	 0.8857 	1 	 2.0845 	 0.9245 	 0.5380 	2 	 3.4962 	 0.7997 	 0.1351 	
7700 	 0.7 	 7.68 	 2.3234 	 0.9717 	 0.8125 	0 	 1.4987 	 0.9851 	 0.8873 	1 	 2.0814 	 0.9250 	 0.5394 	2 	 3.4914 	 0.8018 	 0.1395 	
7800 	 0.7 	 7.52 	 2.2428 	 0.9834 	 0.8672 	0 	 1.4966 	 0.9846 	 0.8834 	1 	 2.0797 	 0.9247 	 0.5390 	2 	 3.4964 	 0.8006 	 0.1331 	
7900 	 0.7 	 7.62 	 2.2513 	 0.9164 	 0.5078 	0 	 1.4946 	 0.9850 	 0.8868 	1 	 2.0765 	 0.9252 	 0.5426 	2 	 3.4948 	 0.8016 	 0.1346 	
8000 	 0.7 	 7.62 	 2.2794 	 0.7653 	 0.1250 	0 	 1.4945 	 0.9856 	 0.8918 	1 	 2.0798 	 0.9253 	 0.5417 	2 	 3.4990 	 0.8005 	 0.1390 	
8100 	 0.7 	 7.66 	 2.3046 	 0.9303 	 0.6172 	0 	 1.4967 	 0.9851 	 0.8868 	1 	 2.0775 	 0.9244 	 0.5390 	2 	 3.4846 	 0.8006 	 0.1311 	
8200 	 0.7 	 7.58 	 2.2453 	 0.7936 	 0.1406 	0 	 1.4940 	 0.9848 	 0.8857 	1 	 2.0777 	 0.9246 	 0.5422 	2 	 3.4965 	 0.7990 	 0.1400 	
8300 	 0.7 	 7.59 	 2.2486 	 0.9473 	 0.5938 	0 	 1.4919 	 0.9848 	 0.8857 	1 	 2.0758 	 0.9250 	 0.5415 	2 	 3.4852 	 0.8013 	 0.1385 	
8400 	 0.7 	 7.53 	 2.2351 	 0.7997 	 0.0938 	0 	 1.4913 	 0.9848 	 0.8823 	1 	 2.0771 	 0.9249 	 0.5412 	2 	 3.4956 	 0.7999 	 0.1341 	
8500 	 0.8 	 7.62 	 2.3100 	 0.9204 	 0.5391 	0 	 1.4916 	 0.9854 	 0.8890 	1 	 2.0753 	 0.9254 	 0.5419 	2 	 3.4883 	 0.8010 	 0.1385 	
8600 	 0.8 	 7.61 	 2.3286 	 0.7988 	 0.1172 	0 	 1.4948 	 0.9847 	 0.8846 	1 	 2.0767 	 0.9246 	 0.5365 	2 	 3.4892 	 0.8001 	 0.1326 	
8700 	 0.8 	 7.73 	 2.3655 	 0.9301 	 0.5469 	0 	 1.4938 	 0.9853 	 0.8907 	1 	 2.0755 	 0.9253 	 0.5442 	2 	 3.4772 	 0.8021 	 0.1380 	
8800 	 0.8 	 7.57 	 2.2966 	 0.9128 	 0.4688 	0 	 1.4922 	 0.9850 	 0.8857 	1 	 2.0767 	 0.9251 	 0.5430 	2 	 3.4910 	 0.8017 	 0.1375 	
8900 	 0.8 	 7.61 	 2.2981 	 0.9757 	 0.8438 	0 	 1.4893 	 0.9850 	 0.8890 	1 	 2.0710 	 0.9250 	 0.5397 	2 	 3.4857 	 0.8004 	 0.1450 	
9000 	 0.8 	 7.63 	 2.2418 	 0.9182 	 0.5078 	0 	 1.4879 	 0.9849 	 0.8862 	1 	 2.0722 	 0.9256 	 0.5464 	2 	 3.4864 	 0.8003 	 0.1336 	
9100 	 0.8 	 7.65 	 2.3059 	 0.7968 	 0.1250 	0 	 1.4859 	 0.9850 	 0.8851 	1 	 2.0693 	 0.9255 	 0.5419 	2 	 3.4829 	 0.8012 	 0.1415 	
9200 	 0.8 	 7.69 	 2.3289 	 0.9797 	 0.8672 	0 	 1.4921 	 0.9843 	 0.8829 	1 	 2.0713 	 0.9254 	 0.5431 	2 	 3.4866 	 0.8020 	 0.1400 	
9300 	 0.8 	 7.69 	 2.3407 	 0.9815 	 0.8672 	0 	 1.4910 	 0.9853 	 0.8907 	1 	 2.0722 	 0.9255 	 0.5474 	2 	 3.4799 	 0.8003 	 0.1346 	
9400 	 0.8 	 7.76 	 2.4250 	 0.8999 	 0.4531 	0 	 1.4896 	 0.9847 	 0.8823 	1 	 2.0679 	 0.9258 	 0.5467 	2 	 3.4672 	 0.8016 	 0.1380 	
9500 	 0.8 	 7.50 	 2.2097 	 0.9096 	 0.4766 	0 	 1.4882 	 0.9845 	 0.8834 	1 	 2.0682 	 0.9255 	 0.5446 	2 	 3.4777 	 0.8009 	 0.1360 	
9600 	 0.9 	 7.71 	 2.3260 	 0.8916 	 0.3750 	0 	 1.4881 	 0.9844 	 0.8829 	1 	 2.0670 	 0.9253 	 0.5424 	2 	 3.4730 	 0.8013 	 0.1400 	
9700 	 0.9 	 7.51 	 2.1836 	 0.9147 	 0.4922 	0 	 1.4862 	 0.9846 	 0.8840 	1 	 2.0658 	 0.9247 	 0.5399 	2 	 3.4745 	 0.7998 	 0.1375 	
9800 	 0.9 	 7.55 	 2.2291 	 0.9200 	 0.4766 	0 	 1.4879 	 0.9852 	 0.8896 	1 	 2.0673 	 0.9257 	 0.5455 	2 	 3.4770 	 0.8019 	 0.1336 	
9900 	 0.9 	 7.61 	 2.2722 	 0.9816 	 0.8672 	0 	 1.4879 	 0.9851 	 0.8890 	1 	 2.0676 	 0.9254 	 0.5440 	2 	 3.4810 	 0.8000 	 0.1365 	
10000 	 0.9 	 7.55 	 2.2566 	 0.9803 	 0.8516 	0 	 1.4832 	 0.9853 	 0.8885 	1 	 2.0650 	 0.9257 	 0.5439 	2 	 3.4720 	 0.8003 	 0.1346 	
10100 	 0.9 	 7.55 	 2.2477 	 0.9291 	 0.5469 	0 	 1.4845 	 0.9849 	 0.8868 	1 	 2.0645 	 0.9259 	 0.5415 	2 	 3.4741 	 0.8025 	 0.1351 	
10200 	 0.9 	 7.60 	 2.2305 	 0.9224 	 0.5312 	0 	 1.4838 	 0.9852 	 0.8901 	1 	 2.0625 	 0.9257 	 0.5424 	2 	 3.4642 	 0.8023 	 0.1356 	
10300 	 0.9 	 7.63 	 2.2292 	 0.9154 	 0.4922 	0 	 1.4854 	 0.9846 	 0.8840 	1 	 2.0634 	 0.9258 	 0.5444 	2 	 3.4765 	 0.8013 	 0.1370 	
10400 	 0.9 	 7.65 	 2.3417 	 0.9132 	 0.4844 	0 	 1.4809 	 0.9853 	 0.8907 	1 	 2.0603 	 0.9258 	 0.5451 	2 	 3.4699 	 0.8008 	 0.1311 	
10500 	 0.9 	 7.61 	 2.2406 	 0.9826 	 0.8672 	0 	 1.4843 	 0.9848 	 0.8879 	1 	 2.0616 	 0.9258 	 0.5440 	2 	 3.4666 	 0.8021 	 0.1356 	
10600 	 0.9 	 7.60 	 2.2780 	 0.9813 	 0.8984 	0 	 1.4874 	 0.9848 	 0.8868 	1 	 2.0647 	 0.9253 	 0.5417 	2 	 3.4679 	 0.8019 	 0.1351 	
10700 	 1.0 	 7.67 	 2.2912 	 0.9885 	 0.8984 	0 	 1.4821 	 0.9851 	 0.8879 	1 	 2.0616 	 0.9261 	 0.5465 	2 	 3.4704 	 0.8021 	 0.1400 	
10800 	 1.0 	 7.76 	 2.3674 	 0.9253 	 0.5391 	0 	 1.4835 	 0.9851 	 0.8885 	1 	 2.0609 	 0.9262 	 0.5471 	2 	 3.4697 	 0.8025 	 0.1385 	
10900 	 1.0 	 7.59 	 2.2548 	 0.9783 	 0.8516 	0 	 1.4827 	 0.9852 	 0.8890 	1 	 2.0581 	 0.9261 	 0.5469 	2 	 3.4560 	 0.8022 	 0.1360 	
11000 	 1.0 	 7.68 	 2.2618 	 0.7979 	 0.1094 	0 	 1.4803 	 0.9851 	 0.8879 	1 	 2.0585 	 0.9266 	 0.5453 	2 	 3.4689 	 0.8020 	 0.1316 	
11100 	 1.0 	 7.70 	 2.2973 	 0.9141 	 0.5391 	0 	 1.4789 	 0.9857 	 0.8918 	1 	 2.0575 	 0.9260 	 0.5478 	2 	 3.4684 	 0.8023 	 0.1395 	
11200 	 1.0 	 7.62 	 2.2760 	 0.9285 	 0.4766 	0 	 1.4808 	 0.9853 	 0.8896 	1 	 2.0593 	 0.9259 	 0.5446 	2 	 3.4518 	 0.8023 	 0.1370 	
11300 	 1.0 	 7.64 	 2.2935 	 0.9185 	 0.4453 	0 	 1.4792 	 0.9858 	 0.8912 	1 	 2.0553 	 0.9259 	 0.5462 	2 	 3.4540 	 0.8021 	 0.1356 	
11400 	 1.0 	 7.58 	 2.2310 	 0.9257 	 0.4688 	0 	 1.4811 	 0.9852 	 0.8896 	1 	 2.0571 	 0.9260 	 0.5431 	2 	 3.4590 	 0.8013 	 0.1385 	
11500 	 1.0 	 7.69 	 2.3194 	 0.9118 	 0.4297 	0 	 1.4788 	 0.9855 	 0.8912 	1 	 2.0532 	 0.9261 	 0.5491 	2 	 3.4522 	 0.8010 	 0.1365 	
11600 	 1.0 	 7.66 	 2.3116 	 0.9042 	 0.4531 	0 	 1.4781 	 0.9853 	 0.8907 	1 	 2.0540 	 0.9265 	 0.5491 	2 	 3.4529 	 0.8017 	 0.1365 	
11700 	 1.0 	 7.61 	 2.2358 	 0.9338 	 0.5000 	0 	 1.4761 	 0.9850 	 0.8868 	1 	 2.0543 	 0.9270 	 0.5526 	2 	 3.4668 	 0.8012 	 0.1346 	
11800 	 1.1 	 7.53 	 2.2121 	 0.9776 	 0.8203 	0 	 1.4799 	 0.9853 	 0.8885 	1 	 2.0575 	 0.9257 	 0.5419 	2 	 3.4629 	 0.8015 	 0.1390 	
11900 	 1.1 	 7.70 	 2.3070 	 0.9221 	 0.4688 	0 	 1.4777 	 0.9851 	 0.8885 	1 	 2.0553 	 0.9260 	 0.5451 	2 	 3.4573 	 0.8012 	 0.1395 	
12000 	 1.1 	 7.67 	 2.2901 	 0.9176 	 0.5234 	0 	 1.4766 	 0.9849 	 0.8862 	1 	 2.0531 	 0.9257 	 0.5435 	2 	 3.4544 	 0.8006 	 0.1375 	
12100 	 1.1 	 7.65 	 2.3323 	 0.9221 	 0.5234 	0 	 1.4782 	 0.9849 	 0.8846 	1 	 2.0547 	 0.9256 	 0.5428 	2 	 3.4574 	 0.8008 	 0.1385 	
12200 	 1.1 	 7.62 	 2.2025 	 0.9257 	 0.4922 	0 	 1.4770 	 0.9855 	 0.8918 	1 	 2.0496 	 0.9266 	 0.5523 	2 	 3.4522 	 0.8015 	 0.1370 	
12300 	 1.1 	 7.63 	 2.2319 	 0.9109 	 0.4766 	0 	 1.4756 	 0.9852 	 0.8879 	1 	 2.0496 	 0.9262 	 0.5499 	2 	 3.4511 	 0.7999 	 0.1385 	
12400 	 1.1 	 7.59 	 2.2406 	 0.9129 	 0.5078 	0 	 1.4766 	 0.9846 	 0.8834 	1 	 2.0526 	 0.9258 	 0.5474 	2 	 3.4567 	 0.8010 	 0.1405 	
12500 	 1.1 	 7.66 	 2.2827 	 0.9777 	 0.8359 	0 	 1.4770 	 0.9849 	 0.8868 	1 	 2.0525 	 0.9265 	 0.5508 	2 	 3.4537 	 0.8026 	 0.1455 	
12600 	 1.1 	 7.75 	 2.3303 	 0.9374 	 0.5703 	0 	 1.4742 	 0.9849 	 0.8890 	1 	 2.0490 	 0.9265 	 0.5519 	2 	 3.4414 	 0.8028 	 0.1435 	
12700 	 1.1 	 7.75 	 2.3166 	 0.9732 	 0.8125 	0 	 1.4766 	 0.9846 	 0.8840 	1 	 2.0472 	 0.9260 	 0.5501 	2 	 3.4436 	 0.8012 	 0.1445 	
12800 	 1.1 	 7.69 	 2.2959 	 0.9235 	 0.5156 	0 	 1.4767 	 0.9854 	 0.8918 	1 	 2.0491 	 0.9268 	 0.5537 	2 	 3.4464 	 0.8040 	 0.1465 	
12900 	 1.1 	 7.61 	 2.2567 	 0.9825 	 0.8906 	0 	 1.4771 	 0.9851 	 0.8873 	1 	 2.0515 	 0.9265 	 0.5519 	2 	 3.4461 	 0.8027 	 0.1440 	
13000 	 1.2 	 7.53 	 2.2254 	 0.9191 	 0.4922 	0 	 1.4802 	 0.9851 	 0.8890 	1 	 2.0541 	 0.9253 	 0.5408 	2 	 3.4528 	 0.8007 	 0.1336 	
13100 	 1.2 	 7.60 	 2.2440 	 0.9219 	 0.5000 	0 	 1.4757 	 0.9857 	 0.8957 	1 	 2.0496 	 0.9270 	 0.5519 	2 	 3.4464 	 0.8027 	 0.1455 	
13200 	 1.2 	 7.60 	 2.2596 	 0.9877 	 0.8906 	0 	 1.4740 	 0.9856 	 0.8924 	1 	 2.0475 	 0.9264 	 0.5498 	2 	 3.4482 	 0.8021 	 0.1420 	
13300 	 1.2 	 7.57 	 2.3036 	 0.9030 	 0.4531 	0 	 1.4738 	 0.9858 	 0.8929 	1 	 2.0491 	 0.9263 	 0.5489 	2 	 3.4460 	 0.8023 	 0.1405 	
13400 	 1.2 	 7.54 	 2.2255 	 0.7991 	 0.0859 	0 	 1.4759 	 0.9848 	 0.8862 	1 	 2.0486 	 0.9263 	 0.5487 	2 	 3.4407 	 0.8018 	 0.1425 	
13500 	 1.2 	 7.58 	 2.2790 	 0.9196 	 0.5234 	0 	 1.4737 	 0.9853 	 0.8890 	1 	 2.0466 	 0.9267 	 0.5525 	2 	 3.4417 	 0.8023 	 0.1405 	
13600 	 1.2 	 7.57 	 2.2471 	 0.9071 	 0.5000 	0 	 1.4741 	 0.9851 	 0.8885 	1 	 2.0480 	 0.9263 	 0.5523 	2 	 3.4482 	 0.8025 	 0.1370 	
13700 	 1.2 	 7.62 	 2.2525 	 0.9083 	 0.4844 	0 	 1.4708 	 0.9854 	 0.8912 	1 	 2.0452 	 0.9266 	 0.5516 	2 	 3.4401 	 0.8026 	 0.1425 	
13800 	 1.2 	 7.63 	 2.2472 	 0.9213 	 0.4375 	0 	 1.4743 	 0.9858 	 0.8924 	1 	 2.0483 	 0.9272 	 0.5507 	2 	 3.4480 	 0.8031 	 0.1450 	
13900 	 1.2 	 7.64 	 2.2819 	 0.9844 	 0.8906 	0 	 1.4744 	 0.9853 	 0.8896 	1 	 2.0443 	 0.9269 	 0.5530 	2 	 3.4369 	 0.8036 	 0.1435 	
14000 	 1.2 	 7.61 	 2.2610 	 0.9272 	 0.5469 	0 	 1.4737 	 0.9856 	 0.8896 	1 	 2.0487 	 0.9267 	 0.5489 	2 	 3.4449 	 0.8016 	 0.1405 	
14100 	 1.3 	 7.77 	 2.3632 	 0.8068 	 0.1172 	0 	 1.4758 	 0.9849 	 0.8851 	1 	 2.0482 	 0.9265 	 0.5501 	2 	 3.4354 	 0.8016 	 0.1400 	
14200 	 1.3 	 7.61 	 2.2699 	 0.9210 	 0.5000 	0 	 1.4718 	 0.9855 	 0.8918 	1 	 2.0434 	 0.9263 	 0.5491 	2 	 3.4349 	 0.8027 	 0.1375 	
14300 	 1.3 	 7.71 	 2.3176 	 0.8006 	 0.1562 	0 	 1.4722 	 0.9856 	 0.8901 	1 	 2.0436 	 0.9267 	 0.5507 	2 	 3.4357 	 0.8026 	 0.1430 	
14400 	 1.3 	 7.65 	 2.2835 	 0.9096 	 0.5000 	0 	 1.4701 	 0.9853 	 0.8907 	1 	 2.0429 	 0.9265 	 0.5501 	2 	 3.4334 	 0.8037 	 0.1400 	
14500 	 1.3 	 7.71 	 2.3085 	 0.9391 	 0.5703 	0 	 1.4712 	 0.9854 	 0.8885 	1 	 2.0424 	 0.9267 	 0.5487 	2 	 3.4241 	 0.8036 	 0.1390 	
14600 	 1.3 	 7.66 	 2.2925 	 0.9105 	 0.4453 	0 	 1.4715 	 0.9851 	 0.8890 	1 	 2.0420 	 0.9265 	 0.5499 	2 	 3.4340 	 0.8033 	 0.1450 	
14700 	 1.3 	 7.58 	 2.1930 	 0.9115 	 0.4766 	0 	 1.4721 	 0.9856 	 0.8901 	1 	 2.0408 	 0.9264 	 0.5496 	2 	 3.4286 	 0.8025 	 0.1395 	
14800 	 1.3 	 7.56 	 2.1820 	 0.9262 	 0.5078 	0 	 1.4708 	 0.9860 	 0.8946 	1 	 2.0444 	 0.9270 	 0.5535 	2 	 3.4372 	 0.8037 	 0.1435 	
14900 	 1.3 	 7.54 	 2.1787 	 0.9142 	 0.4688 	0 	 1.4683 	 0.9853 	 0.8896 	1 	 2.0407 	 0.9265 	 0.5528 	2 	 3.4350 	 0.8019 	 0.1360 	
15000 	 1.3 	 7.56 	 2.2168 	 0.9179 	 0.5000 	0 	 1.4678 	 0.9859 	 0.8929 	1 	 2.0406 	 0.9270 	 0.5555 	2 	 3.4415 	 0.8017 	 0.1351 	
15100 	 1.3 	 7.59 	 2.2283 	 0.9784 	 0.8438 	0 	 1.4688 	 0.9854 	 0.8890 	1 	 2.0393 	 0.9273 	 0.5566 	2 	 3.4291 	 0.8036 	 0.1450 	
15200 	 1.4 	 7.54 	 2.1984 	 0.7839 	 0.0625 	0 	 1.4678 	 0.9858 	 0.8918 	1 	 2.0399 	 0.9274 	 0.5603 	2 	 3.4413 	 0.8032 	 0.1410 	
15300 	 1.4 	 7.66 	 2.3008 	 0.7553 	 0.0703 	0 	 1.4704 	 0.9854 	 0.8901 	1 	 2.0410 	 0.9265 	 0.5530 	2 	 3.4254 	 0.8026 	 0.1410 	
15400 	 1.4 	 7.68 	 2.2882 	 0.9412 	 0.5469 	0 	 1.4674 	 0.9852 	 0.8868 	1 	 2.0389 	 0.9275 	 0.5553 	2 	 3.4255 	 0.8032 	 0.1390 	
15500 	 1.4 	 7.54 	 2.1729 	 0.9157 	 0.4844 	0 	 1.4666 	 0.9856 	 0.8912 	1 	 2.0390 	 0.9272 	 0.5567 	2 	 3.4341 	 0.8032 	 0.1420 	
15600 	 1.4 	 7.54 	 2.1747 	 0.9180 	 0.4766 	0 	 1.4680 	 0.9855 	 0.8901 	1 	 2.0409 	 0.9274 	 0.5548 	2 	 3.4311 	 0.8035 	 0.1390 	
15700 	 1.4 	 7.61 	 2.2516 	 0.9117 	 0.5000 	0 	 1.4699 	 0.9861 	 0.8957 	1 	 2.0399 	 0.9276 	 0.5533 	2 	 3.4270 	 0.8043 	 0.1410 	
15800 	 1.4 	 7.66 	 2.2793 	 0.8022 	 0.1797 	0 	 1.4698 	 0.9850 	 0.8862 	1 	 2.0387 	 0.9270 	 0.5542 	2 	 3.4293 	 0.8033 	 0.1400 	
15900 	 1.4 	 7.66 	 2.2984 	 0.9433 	 0.5938 	0 	 1.4688 	 0.9859 	 0.8940 	1 	 2.0389 	 0.9277 	 0.5580 	2 	 3.4119 	 0.8048 	 0.1460 	
16000 	 1.4 	 7.69 	 2.2853 	 0.7846 	 0.0781 	0 	 1.4721 	 0.9850 	 0.8846 	1 	 2.0406 	 0.9270 	 0.5519 	2 	 3.4340 	 0.8026 	 0.1380 	
16100 	 1.4 	 7.51 	 2.1490 	 0.7799 	 0.0859 	0 	 1.4689 	 0.9850 	 0.8868 	1 	 2.0390 	 0.9278 	 0.5578 	2 	 3.4290 	 0.8035 	 0.1380 	
16200 	 1.4 	 7.65 	 2.2520 	 0.9024 	 0.4297 	0 	 1.4673 	 0.9856 	 0.8912 	1 	 2.0360 	 0.9268 	 0.5548 	2 	 3.4260 	 0.8021 	 0.1395 	
16300 	 1.5 	 7.59 	 2.2846 	 0.9369 	 0.5547 	0 	 1.4685 	 0.9856 	 0.8896 	1 	 2.0379 	 0.9273 	 0.5537 	2 	 3.4322 	 0.8025 	 0.1385 	
16400 	 1.5 	 7.60 	 2.2408 	 0.9842 	 0.8828 	0 	 1.4686 	 0.9856 	 0.8924 	1 	 2.0371 	 0.9276 	 0.5569 	2 	 3.4281 	 0.8041 	 0.1425 	
16500 	 1.5 	 7.55 	 2.1646 	 0.9046 	 0.4609 	0 	 1.4645 	 0.9859 	 0.8935 	1 	 2.0353 	 0.9272 	 0.5551 	2 	 3.4289 	 0.8030 	 0.1410 	
16600 	 1.5 	 7.56 	 2.1920 	 0.9111 	 0.5391 	0 	 1.4704 	 0.9858 	 0.8929 	1 	 2.0406 	 0.9271 	 0.5578 	2 	 3.4404 	 0.8019 	 0.1390 	
16700 	 1.5 	 7.72 	 2.3262 	 0.7577 	 0.0625 	0 	 1.4666 	 0.9852 	 0.8862 	1 	 2.0343 	 0.9273 	 0.5542 	2 	 3.4275 	 0.8033 	 0.1385 	
16800 	 1.5 	 7.74 	 2.3407 	 0.9240 	 0.5078 	0 	 1.4657 	 0.9854 	 0.8890 	1 	 2.0325 	 0.9275 	 0.5566 	2 	 3.4155 	 0.8038 	 0.1420 	
16900 	 1.5 	 9.36 	 2.2145 	 0.9292 	 0.5078 	0 	 1.4675 	 0.9853 	 0.8896 	1 	 2.0341 	 0.9280 	 0.5571 	2 	 3.4222 	 0.8042 	 0.1480 	
17000 	 1.5 	 10.99 	 2.2316 	 0.9833 	 0.8594 	0 	 1.4632 	 0.9863 	 0.8951 	1 	 2.0307 	 0.9280 	 0.5585 	2 	 3.4252 	 0.8044 	 0.1495 	
17100 	 1.5 	 10.83 	 2.2607 	 0.9833 	 0.8750 	0 	 1.4663 	 0.9860 	 0.8929 	1 	 2.0339 	 0.9281 	 0.5619 	2 	 3.4183 	 0.8046 	 0.1470 	
17200 	 1.5 	 10.83 	 2.2627 	 0.9825 	 0.8906 	0 	 1.4644 	 0.9860 	 0.8940 	1 	 2.0284 	 0.9272 	 0.5555 	2 	 3.4099 	 0.8043 	 0.1435 	
17300 	 1.5 	 10.86 	 2.2745 	 0.7742 	 0.0859 	0 	 1.4648 	 0.9859 	 0.8929 	1 	 2.0300 	 0.9271 	 0.5533 	2 	 3.4126 	 0.8029 	 0.1415 	
17400 	 1.6 	 10.73 	 2.1742 	 0.9343 	 0.4844 	0 	 1.4661 	 0.9853 	 0.8885 	1 	 2.0289 	 0.9271 	 0.5523 	2 	 3.4152 	 0.8032 	 0.1360 	
17500 	 1.6 	 10.85 	 2.2696 	 0.7778 	 0.1016 	0 	 1.4639 	 0.9861 	 0.8946 	1 	 2.0314 	 0.9278 	 0.5550 	2 	 3.4128 	 0.8048 	 0.1455 	
17600 	 1.6 	 10.87 	 2.2516 	 0.9413 	 0.5781 	0 	 1.4633 	 0.9854 	 0.8885 	1 	 2.0284 	 0.9276 	 0.5571 	2 	 3.4115 	 0.8035 	 0.1425 	
17700 	 1.6 	 10.76 	 2.2059 	 0.7783 	 0.1016 	0 	 1.4609 	 0.9860 	 0.8940 	1 	 2.0296 	 0.9276 	 0.5562 	2 	 3.4158 	 0.8039 	 0.1450 	
17800 	 1.6 	 11.37 	 2.3082 	 0.7857 	 0.1094 	0 	 1.4661 	 0.9853 	 0.8907 	1 	 2.0304 	 0.9275 	 0.5559 	2 	 3.4085 	 0.8033 	 0.1420 	
17900 	 1.6 	 11.09 	 2.2473 	 0.9177 	 0.5234 	0 	 1.4672 	 0.9860 	 0.8946 	1 	 2.0322 	 0.9277 	 0.5584 	2 	 3.4158 	 0.8042 	 0.1465 	
18000 	 1.6 	 11.63 	 2.3262 	 0.7902 	 0.1406 	0 	 1.4657 	 0.9856 	 0.8912 	1 	 2.0298 	 0.9273 	 0.5539 	2 	 3.4042 	 0.8040 	 0.1440 	
18100 	 1.6 	 11.36 	 2.2999 	 0.9768 	 0.8594 	0 	 1.4725 	 0.9861 	 0.8951 	1 	 2.0358 	 0.9277 	 0.5560 	2 	 3.4159 	 0.8046 	 0.1420 	
18200 	 1.6 	 11.50 	 2.2435 	 0.9088 	 0.4688 	0 	 1.4652 	 0.9860 	 0.8940 	1 	 2.0281 	 0.9272 	 0.5533 	2 	 3.4071 	 0.8042 	 0.1410 	
18300 	 1.6 	 11.21 	 2.3136 	 0.9292 	 0.5234 	0 	 1.4658 	 0.9861 	 0.8935 	1 	 2.0284 	 0.9273 	 0.5562 	2 	 3.4083 	 0.8045 	 0.1420 	
18400 	 1.6 	 11.74 	 2.3171 	 0.8013 	 0.1094 	0 	 1.4636 	 0.9858 	 0.8912 	1 	 2.0262 	 0.9279 	 0.5575 	2 	 3.4054 	 0.8053 	 0.1509 	
18500 	 1.6 	 11.39 	 2.3594 	 0.9170 	 0.4922 	0 	 1.4691 	 0.9850 	 0.8879 	1 	 2.0341 	 0.9269 	 0.5517 	2 	 3.4122 	 0.8040 	 0.1405 	
18600 	 1.7 	 11.56 	 2.2088 	 0.9858 	 0.8984 	0 	 1.4645 	 0.9861 	 0.8957 	1 	 2.0280 	 0.9277 	 0.5571 	2 	 3.4047 	 0.8044 	 0.1425 	
18700 	 1.7 	 11.20 	 2.3013 	 0.9069 	 0.4844 	0 	 1.4673 	 0.9856 	 0.8907 	1 	 2.0340 	 0.9273 	 0.5521 	2 	 3.4181 	 0.8047 	 0.1460 	
18800 	 1.7 	 11.63 	 2.2695 	 0.9194 	 0.5469 	0 	 1.4655 	 0.9852 	 0.8879 	1 	 2.0292 	 0.9275 	 0.5582 	2 	 3.4120 	 0.8032 	 0.1405 	
18900 	 1.7 	 11.09 	 2.2663 	 0.9120 	 0.5000 	0 	 1.4630 	 0.9860 	 0.8946 	1 	 2.0273 	 0.9284 	 0.5627 	2 	 3.4095 	 0.8049 	 0.1480 	
19000 	 1.7 	 11.56 	 2.2379 	 0.9236 	 0.5156 	0 	 1.4636 	 0.9860 	 0.8946 	1 	 2.0286 	 0.9281 	 0.5600 	2 	 3.4117 	 0.8047 	 0.1485 	
19100 	 1.7 	 10.99 	 2.2012 	 0.9276 	 0.4453 	0 	 1.4631 	 0.9854 	 0.8896 	1 	 2.0298 	 0.9273 	 0.5569 	2 	 3.4130 	 0.8041 	 0.1405 	
19200 	 1.7 	 11.57 	 2.2034 	 0.9921 	 0.9453 	0 	 1.4633 	 0.9861 	 0.8963 	1 	 2.0273 	 0.9277 	 0.5564 	2 	 3.4033 	 0.8052 	 0.1455 	
19300 	 1.7 	 11.12 	 2.2186 	 0.9083 	 0.4688 	0 	 1.4602 	 0.9860 	 0.8929 	1 	 2.0275 	 0.9278 	 0.5596 	2 	 3.4086 	 0.8045 	 0.1450 	
19400 	 1.7 	 12.03 	 2.2900 	 0.9799 	 0.8672 	0 	 1.4607 	 0.9860 	 0.8935 	1 	 2.0266 	 0.9276 	 0.5576 	2 	 3.4050 	 0.8039 	 0.1460 	
19500 	 1.7 	 11.20 	 2.2627 	 0.9328 	 0.5625 	0 	 1.4626 	 0.9856 	 0.8924 	1 	 2.0295 	 0.9275 	 0.5566 	2 	 3.4128 	 0.8038 	 0.1465 	
19600 	 1.7 	 11.45 	 2.2041 	 0.9806 	 0.8906 	0 	 1.4626 	 0.9854 	 0.8896 	1 	 2.0256 	 0.9277 	 0.5541 	2 	 3.4038 	 0.8045 	 0.1425 	
19700 	 1.8 	 11.16 	 2.1691 	 0.9217 	 0.4922 	0 	 1.4654 	 0.9857 	 0.8929 	1 	 2.0320 	 0.9274 	 0.5557 	2 	 3.4199 	 0.8043 	 0.1445 	
19800 	 1.8 	 11.70 	 2.2959 	 0.7877 	 0.1172 	0 	 1.4636 	 0.9854 	 0.8890 	1 	 2.0257 	 0.9278 	 0.5537 	2 	 3.3978 	 0.8051 	 0.1470 	
19900 	 1.8 	 11.01 	 2.2115 	 0.9211 	 0.4609 	0 	 1.4607 	 0.9856 	 0.8912 	1 	 2.0252 	 0.9276 	 0.5546 	2 	 3.4087 	 0.8042 	 0.1415 	
20000 	 1.8 	 10.83 	 2.2904 	 0.7706 	 0.1016 	0 	 1.4615 	 0.9858 	 0.8924 	1 	 2.0253 	 0.9279 	 0.5580 	2 	 3.4015 	 0.8054 	 0.1519 	
20100 	 1.8 	 10.75 	 2.2159 	 0.8989 	 0.4609 	0 	 1.4597 	 0.9851 	 0.8879 	1 	 2.0230 	 0.9278 	 0.5587 	2 	 3.4104 	 0.8039 	 0.1470 	
20200 	 1.8 	 11.33 	 2.3139 	 0.9395 	 0.5703 	0 	 1.4603 	 0.9858 	 0.8935 	1 	 2.0228 	 0.9282 	 0.5591 	2 	 3.4033 	 0.8061 	 0.1440 	
20300 	 1.8 	 11.24 	 2.2241 	 0.9211 	 0.5625 	0 	 1.4649 	 0.9853 	 0.8885 	1 	 2.0284 	 0.9272 	 0.5578 	2 	 3.4021 	 0.8042 	 0.1420 	
20400 	 1.8 	 11.26 	 2.2498 	 0.9877 	 0.8984 	0 	 1.4622 	 0.9858 	 0.8924 	1 	 2.0248 	 0.9271 	 0.5576 	2 	 3.4017 	 0.8030 	 0.1415 	
20500 	 1.8 	 12.04 	 2.2415 	 0.9871 	 0.8828 	0 	 1.4618 	 0.9858 	 0.8946 	1 	 2.0246 	 0.9274 	 0.5593 	2 	 3.4062 	 0.8036 	 0.1460 	
20600 	 1.8 	 12.09 	 2.2980 	 0.7940 	 0.0859 	0 	 1.4603 	 0.9860 	 0.8929 	1 	 2.0218 	 0.9275 	 0.5548 	2 	 3.3948 	 0.8048 	 0.1440 	
20700 	 1.8 	 11.95 	 2.2508 	 0.9832 	 0.8594 	0 	 1.4640 	 0.9861 	 0.8946 	1 	 2.0265 	 0.9272 	 0.5533 	2 	 3.4082 	 0.8037 	 0.1385 	
20800 	 1.9 	 11.73 	 2.1302 	 0.9256 	 0.5469 	0 	 1.4608 	 0.9854 	 0.8901 	1 	 2.0220 	 0.9277 	 0.5596 	2 	 3.4012 	 0.8048 	 0.1450 	
20900 	 1.9 	 12.56 	 2.1450 	 0.9151 	 0.4375 	0 	 1.4597 	 0.9858 	 0.8918 	1 	 2.0230 	 0.9277 	 0.5591 	2 	 3.4071 	 0.8036 	 0.1430 	
21000 	 1.9 	 15.98 	 2.3649 	 0.9833 	 0.8828 	0 	 1.4593 	 0.9860 	 0.8940 	1 	 2.0187 	 0.9281 	 0.5607 	2 	 3.3927 	 0.8045 	 0.1460 	
21100 	 1.9 	 12.08 	 2.1267 	 0.8071 	 0.1016 	0 	 1.4582 	 0.9866 	 0.8991 	1 	 2.0196 	 0.9273 	 0.5551 	2 	 3.4020 	 0.8048 	 0.1440 	
21200 	 1.9 	 13.96 	 2.2679 	 0.9229 	 0.4766 	0 	 1.4611 	 0.9865 	 0.8991 	1 	 2.0233 	 0.9278 	 0.5603 	2 	 3.3994 	 0.8044 	 0.1445 	
21300 	 1.9 	 13.93 	 2.2249 	 0.9049 	 0.5312 	0 	 1.4577 	 0.9860 	 0.8935 	1 	 2.0197 	 0.9279 	 0.5587 	2 	 3.3964 	 0.8052 	 0.1420 	
21400 	 1.9 	 12.93 	 2.2144 	 0.9271 	 0.4766 	0 	 1.4570 	 0.9858 	 0.8924 	1 	 2.0196 	 0.9280 	 0.5584 	2 	 3.3950 	 0.8044 	 0.1445 	
21500 	 1.9 	 14.02 	 2.2255 	 0.8020 	 0.1328 	0 	 1.4554 	 0.9857 	 0.8929 	1 	 2.0196 	 0.9279 	 0.5575 	2 	 3.3932 	 0.8054 	 0.1460 	
21600 	 1.9 	 13.97 	 2.1937 	 0.9155 	 0.5078 	0 	 1.4549 	 0.9856 	 0.8924 	1 	 2.0168 	 0.9283 	 0.5587 	2 	 3.4018 	 0.8045 	 0.1405 	
21700 	 1.9 	 14.81 	 2.1392 	 0.9155 	 0.5078 	0 	 1.4569 	 0.9863 	 0.8963 	1 	 2.0206 	 0.9282 	 0.5609 	2 	 3.3977 	 0.8050 	 0.1430 	
21800 	 1.9 	 14.08 	 2.2125 	 0.9295 	 0.4922 	0 	 1.4576 	 0.9858 	 0.8918 	1 	 2.0183 	 0.9282 	 0.5575 	2 	 3.3930 	 0.8048 	 0.1405 	
21900 	 2.0 	 14.04 	 2.2592 	 0.9815 	 0.8516 	0 	 1.4590 	 0.9855 	 0.8918 	1 	 2.0191 	 0.9279 	 0.5560 	2 	 3.3867 	 0.8048 	 0.1445 	
22000 	 2.0 	 14.18 	 2.2417 	 0.9902 	 0.9375 	0 	 1.4560 	 0.9860 	 0.8946 	1 	 2.0179 	 0.9281 	 0.5598 	2 	 3.3960 	 0.8045 	 0.1480 	
22100 	 2.0 	 14.38 	 2.1028 	 0.8083 	 0.1094 	0 	 1.4576 	 0.9866 	 0.8991 	1 	 2.0216 	 0.9283 	 0.5591 	2 	 3.4072 	 0.8053 	 0.1465 	
22200 	 2.0 	 13.46 	 2.2274 	 0.7830 	 0.1094 	0 	 1.4559 	 0.9861 	 0.8957 	1 	 2.0185 	 0.9285 	 0.5594 	2 	 3.3958 	 0.8056 	 0.1504 	
22300 	 2.0 	 12.43 	 2.1628 	 0.9091 	 0.4297 	0 	 1.4616 	 0.9861 	 0.8968 	1 	 2.0218 	 0.9284 	 0.5585 	2 	 3.4040 	 0.8049 	 0.1465 	
22400 	 2.0 	 13.14 	 2.2209 	 0.9050 	 0.4531 	0 	 1.4568 	 0.9859 	 0.8940 	1 	 2.0169 	 0.9278 	 0.5575 	2 	 3.3925 	 0.8049 	 0.1400 	
22500 	 2.0 	 12.76 	 2.1388 	 0.9050 	 0.3906 	0 	 1.4551 	 0.9861 	 0.8935 	1 	 2.0171 	 0.9288 	 0.5596 	2 	 3.3935 	 0.8052 	 0.1455 	
22600 	 2.0 	 13.50 	 2.2470 	 0.9152 	 0.4688 	0 	 1.4530 	 0.9865 	 0.8968 	1 	 2.0153 	 0.9285 	 0.5598 	2 	 3.3865 	 0.8055 	 0.1490 	
22700 	 2.0 	 12.46 	 2.2360 	 0.9823 	 0.8594 	0 	 1.4584 	 0.9863 	 0.8963 	1 	 2.0206 	 0.9286 	 0.5619 	2 	 3.4027 	 0.8043 	 0.1415 	
22800 	 2.0 	 12.34 	 2.1653 	 0.9083 	 0.4531 	0 	 1.4561 	 0.9863 	 0.8951 	1 	 2.0169 	 0.9282 	 0.5598 	2 	 3.3975 	 0.8047 	 0.1445 	
22900 	 2.0 	 12.52 	 2.3201 	 0.9272 	 0.5078 	0 	 1.4570 	 0.9862 	 0.8963 	1 	 2.0189 	 0.9283 	 0.5602 	2 	 3.3914 	 0.8057 	 0.1490 	
23000 	 2.1 	 12.11 	 2.1940 	 0.9310 	 0.5703 	0 	 1.4538 	 0.9864 	 0.8957 	1 	 2.0172 	 0.9277 	 0.5603 	2 	 3.3959 	 0.8061 	 0.1470 	
23100 	 2.1 	 12.27 	 2.2617 	 0.9817 	 0.8750 	0 	 1.4561 	 0.9858 	 0.8918 	1 	 2.0186 	 0.9280 	 0.5582 	2 	 3.3944 	 0.8050 	 0.1490 	
23200 	 2.1 	 12.22 	 2.2343 	 0.9292 	 0.5078 	0 	 1.4550 	 0.9862 	 0.8935 	1 	 2.0148 	 0.9278 	 0.5562 	2 	 3.3918 	 0.8046 	 0.1460 	
23300 	 2.1 	 11.49 	 2.3144 	 0.9807 	 0.8672 	0 	 1.4558 	 0.9860 	 0.8940 	1 	 2.0166 	 0.9283 	 0.5582 	2 	 3.3881 	 0.8063 	 0.1470 	
23400 	 2.1 	 11.34 	 2.2316 	 0.9803 	 0.8672 	0 	 1.4565 	 0.9861 	 0.8935 	1 	 2.0177 	 0.9278 	 0.5582 	2 	 3.3871 	 0.8056 	 0.1450 	
23500 	 2.1 	 11.20 	 2.1923 	 0.9121 	 0.5000 	0 	 1.4554 	 0.9862 	 0.8951 	1 	 2.0136 	 0.9280 	 0.5587 	2 	 3.3874 	 0.8052 	 0.1440 	
23600 	 2.1 	 11.77 	 2.2974 	 0.7747 	 0.1016 	0 	 1.4594 	 0.9856 	 0.8918 	1 	 2.0203 	 0.9276 	 0.5542 	2 	 3.3941 	 0.8045 	 0.1400 	
23700 	 2.1 	 11.43 	 2.1432 	 0.9708 	 0.8281 	0 	 1.4561 	 0.9856 	 0.8907 	1 	 2.0154 	 0.9286 	 0.5589 	2 	 3.3939 	 0.8048 	 0.1450 	
23800 	 2.1 	 11.39 	 2.1915 	 0.8066 	 0.1094 	0 	 1.4563 	 0.9859 	 0.8929 	1 	 2.0133 	 0.9287 	 0.5602 	2 	 3.3868 	 0.8060 	 0.1465 	
23900 	 2.1 	 11.41 	 2.2323 	 0.7957 	 0.1016 	0 	 1.4532 	 0.9860 	 0.8940 	1 	 2.0148 	 0.9288 	 0.5641 	2 	 3.3974 	 0.8049 	 0.1415 	
24000 	 2.1 	 11.35 	 2.1864 	 0.9168 	 0.4922 	0 	 1.4558 	 0.9863 	 0.8968 	1 	 2.0114 	 0.9282 	 0.5600 	2 	 3.3873 	 0.8045 	 0.1435 	
24100 	 2.1 	 11.36 	 2.2125 	 0.9807 	 0.8672 	0 	 1.4576 	 0.9856 	 0.8924 	1 	 2.0170 	 0.9285 	 0.5619 	2 	 3.4004 	 0.8049 	 0.1470 	
24200 	 2.2 	 11.59 	 2.2683 	 0.9157 	 0.5391 	0 	 1.4548 	 0.9858 	 0.8929 	1 	 2.0128 	 0.9283 	 0.5580 	2 	 3.3820 	 0.8052 	 0.1475 	
24300 	 2.2 	 11.74 	 2.3337 	 0.9207 	 0.5156 	0 	 1.4560 	 0.9858 	 0.8918 	1 	 2.0158 	 0.9279 	 0.5582 	2 	 3.3887 	 0.8039 	 0.1415 	
24400 	 2.2 	 11.25 	 2.1891 	 0.9213 	 0.4844 	0 	 1.4580 	 0.9860 	 0.8946 	1 	 2.0171 	 0.9283 	 0.5605 	2 	 3.3896 	 0.8049 	 0.1420 	
24500 	 2.2 	 11.31 	 2.2464 	 0.9084 	 0.4453 	0 	 1.4528 	 0.9856 	 0.8912 	1 	 2.0118 	 0.9287 	 0.5593 	2 	 3.3794 	 0.8053 	 0.1460 	
24600 	 2.2 	 11.10 	 2.1536 	 0.9362 	 0.5625 	0 	 1.4537 	 0.9863 	 0.8974 	1 	 2.0156 	 0.9283 	 0.5600 	2 	 3.3897 	 0.8052 	 0.1475 	
24700 	 2.2 	 13.04 	 2.3003 	 0.9127 	 0.5234 	0 	 1.4538 	 0.9862 	 0.8963 	1 	 2.0129 	 0.9284 	 0.5585 	2 	 3.3846 	 0.8044 	 0.1395 	
24800 	 2.2 	 11.76 	 2.2615 	 0.7987 	 0.1172 	0 	 1.4509 	 0.9863 	 0.8957 	1 	 2.0094 	 0.9284 	 0.5593 	2 	 3.3812 	 0.8054 	 0.1440 	
24900 	 2.2 	 13.59 	 2.3465 	 0.9746 	 0.8594 	0 	 1.4516 	 0.9866 	 0.8991 	1 	 2.0140 	 0.9288 	 0.5578 	2 	 3.3823 	 0.8056 	 0.1509 	
25000 	 2.2 	 12.44 	 2.1412 	 0.9054 	 0.4922 	0 	 1.4517 	 0.9865 	 0.8968 	1 	 2.0162 	 0.9284 	 0.5587 	2 	 3.3977 	 0.8057 	 0.1485 	
25100 	 2.2 	 13.46 	 2.2596 	 0.9261 	 0.5312 	0 	 1.4536 	 0.9863 	 0.8963 	1 	 2.0150 	 0.9287 	 0.5578 	2 	 3.3915 	 0.8047 	 0.1485 	
25200 	 2.2 	 12.78 	 2.2502 	 0.9335 	 0.5547 	0 	 1.4483 	 0.9865 	 0.8968 	1 	 2.0102 	 0.9287 	 0.5593 	2 	 3.3834 	 0.8057 	 0.1475 	
25300 	 2.3 	 12.90 	 2.2177 	 0.9206 	 0.5078 	0 	 1.4544 	 0.9863 	 0.8968 	1 	 2.0166 	 0.9284 	 0.5616 	2 	 3.3926 	 0.8062 	 0.1490 	
25400 	 2.3 	 12.37 	 2.2172 	 0.9067 	 0.4531 	0 	 1.4519 	 0.9861 	 0.8946 	1 	 2.0124 	 0.9288 	 0.5594 	2 	 3.3838 	 0.8064 	 0.1480 	
25500 	 2.3 	 11.88 	 2.2054 	 0.9137 	 0.5156 	0 	 1.4513 	 0.9863 	 0.8957 	1 	 2.0117 	 0.9281 	 0.5591 	2 	 3.3807 	 0.8049 	 0.1465 	
25600 	 2.3 	 12.51 	 2.2816 	 0.7697 	 0.1406 	0 	 1.4523 	 0.9863 	 0.8957 	1 	 2.0112 	 0.9284 	 0.5571 	2 	 3.3833 	 0.8053 	 0.1509 	
25700 	 2.3 	 19.55 	 2.2290 	 0.9777 	 0.8438 	0 	 1.4528 	 0.9865 	 0.8991 	1 	 2.0123 	 0.9291 	 0.5646 	2 	 3.3903 	 0.8062 	 0.1539 	
25800 	 2.3 	 21.37 	 2.3070 	 0.9026 	 0.4141 	0 	 1.4512 	 0.9864 	 0.8968 	1 	 2.0076 	 0.9288 	 0.5632 	2 	 3.3791 	 0.8060 	 0.1455 	
25900 	 2.3 	 19.76 	 2.2214 	 0.9311 	 0.5625 	0 	 1.4514 	 0.9866 	 0.8985 	1 	 2.0118 	 0.9290 	 0.5641 	2 	 3.3849 	 0.8065 	 0.1529 	
26000 	 2.3 	 21.01 	 2.2097 	 0.9894 	 0.9062 	0 	 1.4492 	 0.9862 	 0.8963 	1 	 2.0077 	 0.9285 	 0.5628 	2 	 3.3774 	 0.8054 	 0.1440 	
26100 	 2.3 	 24.97 	 2.2674 	 0.9790 	 0.8359 	0 	 1.4507 	 0.9861 	 0.8951 	1 	 2.0094 	 0.9287 	 0.5610 	2 	 3.3810 	 0.8062 	 0.1460 	
26200 	 2.3 	 21.25 	 2.1801 	 0.9127 	 0.5078 	0 	 1.4504 	 0.9857 	 0.8912 	1 	 2.0088 	 0.9281 	 0.5567 	2 	 3.3864 	 0.8048 	 0.1400 	
26300 	 2.3 	 20.77 	 2.1941 	 0.7726 	 0.1406 	0 	 1.4469 	 0.9865 	 0.8979 	1 	 2.0048 	 0.9287 	 0.5630 	2 	 3.3727 	 0.8062 	 0.1455 	
26400 	 2.4 	 19.63 	 2.3089 	 0.9315 	 0.5625 	0 	 1.4505 	 0.9857 	 0.8929 	1 	 2.0091 	 0.9285 	 0.5587 	2 	 3.3770 	 0.8060 	 0.1495 	
26500 	 2.4 	 21.15 	 2.3071 	 0.9320 	 0.5547 	0 	 1.4554 	 0.9854 	 0.8924 	1 	 2.0102 	 0.9284 	 0.5587 	2 	 3.3794 	 0.8057 	 0.1485 	
26600 	 2.4 	 21.68 	 2.0987 	 0.9357 	 0.6094 	0 	 1.4513 	 0.9858 	 0.8929 	1 	 2.0119 	 0.9281 	 0.5618 	2 	 3.3939 	 0.8041 	 0.1465 	
26700 	 2.4 	 13.71 	 2.2903 	 0.7836 	 0.1016 	0 	 1.4541 	 0.9854 	 0.8890 	1 	 2.0109 	 0.9285 	 0.5621 	2 	 3.3826 	 0.8053 	 0.1495 	
26800 	 2.4 	 13.74 	 2.2326 	 0.9260 	 0.5234 	0 	 1.4517 	 0.9861 	 0.8940 	1 	 2.0084 	 0.9281 	 0.5576 	2 	 3.3819 	 0.8041 	 0.1450 	
26900 	 2.4 	 11.74 	 2.1383 	 0.9853 	 0.8750 	0 	 1.4503 	 0.9862 	 0.8963 	1 	 2.0095 	 0.9285 	 0.5600 	2 	 3.3853 	 0.8054 	 0.1435 	
27000 	 2.4 	 11.64 	 2.2248 	 0.8016 	 0.1172 	0 	 1.4498 	 0.9861 	 0.8963 	1 	 2.0074 	 0.9284 	 0.5625 	2 	 3.3817 	 0.8047 	 0.1455 	
27100 	 2.4 	 11.56 	 2.2632 	 0.9352 	 0.5469 	0 	 1.4516 	 0.9866 	 0.8991 	1 	 2.0070 	 0.9286 	 0.5614 	2 	 3.3675 	 0.8058 	 0.1504 	
27200 	 2.4 	 12.07 	 2.2230 	 0.9832 	 0.8828 	0 	 1.4498 	 0.9863 	 0.8957 	1 	 2.0052 	 0.9279 	 0.5562 	2 	 3.3689 	 0.8049 	 0.1440 	
27300 	 2.4 	 12.02 	 2.2424 	 0.9171 	 0.5000 	0 	 1.4493 	 0.9864 	 0.8974 	1 	 2.0038 	 0.9285 	 0.5612 	2 	 3.3718 	 0.8060 	 0.1475 	
27400 	 2.4 	 11.93 	 2.1321 	 0.9364 	 0.6016 	0 	 1.4486 	 0.9864 	 0.8968 	1 	 2.0093 	 0.9283 	 0.5605 	2 	 3.3852 	 0.8046 	 0.1435 	
27500 	 2.5 	 12.20 	 2.3116 	 0.9138 	 0.5156 	0 	 1.4524 	 0.9856 	 0.8907 	1 	 2.0075 	 0.9282 	 0.5562 	2 	 3.3745 	 0.8047 	 0.1410 	
27600 	 2.5 	 11.89 	 2.1103 	 0.9388 	 0.5625 	0 	 1.4560 	 0.9861 	 0.8940 	1 	 2.0121 	 0.9283 	 0.5609 	2 	 3.3885 	 0.8041 	 0.1385 	
27700 	 2.5 	 12.23 	 2.2817 	 0.9821 	 0.8828 	0 	 1.4529 	 0.9856 	 0.8912 	1 	 2.0073 	 0.9281 	 0.5546 	2 	 3.3769 	 0.8045 	 0.1385 	
27800 	 2.5 	 11.81 	 2.1330 	 0.8121 	 0.1328 	0 	 1.4511 	 0.9862 	 0.8940 	1 	 2.0073 	 0.9287 	 0.5605 	2 	 3.3805 	 0.8050 	 0.1445 	
27900 	 2.5 	 11.95 	 2.2096 	 0.9095 	 0.4688 	0 	 1.4474 	 0.9870 	 0.9002 	1 	 2.0058 	 0.9289 	 0.5643 	2 	 3.3871 	 0.8055 	 0.1445 	
28000 	 2.5 	 11.77 	 2.1538 	 0.8996 	 0.4375 	0 	 1.4498 	 0.9861 	 0.8924 	1 	 2.0063 	 0.9281 	 0.5607 	2 	 3.3813 	 0.8051 	 0.1435 	
28100 	 2.5 	 12.19 	 2.2144 	 0.9363 	 0.5469 	0 	 1.4494 	 0.9863 	 0.8968 	1 	 2.0029 	 0.9289 	 0.5619 	2 	 3.3708 	 0.8062 	 0.1475 	
28200 	 2.5 	 11.65 	 2.1227 	 0.9216 	 0.5312 	0 	 1.4532 	 0.9860 	 0.8946 	1 	 2.0068 	 0.9290 	 0.5605 	2 	 3.3782 	 0.8057 	 0.1495 	
28300 	 2.5 	 12.39 	 2.2239 	 0.9288 	 0.4844 	0 	 1.4484 	 0.9860 	 0.8957 	1 	 2.0044 	 0.9289 	 0.5603 	2 	 3.3741 	 0.8053 	 0.1475 	
28400 	 2.5 	 11.71 	 2.1707 	 0.9789 	 0.8750 	0 	 1.4486 	 0.9858 	 0.8940 	1 	 2.0058 	 0.9282 	 0.5567 	2 	 3.3843 	 0.8048 	 0.1445 	
28500 	 2.5 	 12.37 	 2.2240 	 0.7922 	 0.1250 	0 	 1.4478 	 0.9860 	 0.8935 	1 	 2.0031 	 0.9287 	 0.5618 	2 	 3.3733 	 0.8052 	 0.1455 	
28600 	 2.5 	 12.07 	 2.3145 	 0.9187 	 0.4531 	0 	 1.4495 	 0.9866 	 0.8996 	1 	 2.0034 	 0.9287 	 0.5609 	2 	 3.3705 	 0.8052 	 0.1495 	
28700 	 2.6 	 12.53 	 2.2424 	 0.8083 	 0.1016 	0 	 1.4500 	 0.9868 	 0.9002 	1 	 2.0057 	 0.9289 	 0.5616 	2 	 3.3776 	 0.8059 	 0.1500 	
28800 	 2.6 	 11.55 	 2.1708 	 0.9128 	 0.4844 	0 	 1.4449 	 0.9864 	 0.8963 	1 	 2.0019 	 0.9291 	 0.5609 	2 	 3.3665 	 0.8070 	 0.1524 	
28900 	 2.6 	 12.46 	 2.1791 	 0.9134 	 0.5156 	0 	 1.4491 	 0.9866 	 0.8985 	1 	 2.0048 	 0.9289 	 0.5637 	2 	 3.3740 	 0.8046 	 0.1480 	
29000 	 2.6 	 11.44 	 2.1825 	 0.9328 	 0.5156 	0 	 1.4463 	 0.9860 	 0.8957 	1 	 2.0001 	 0.9293 	 0.5655 	2 	 3.3714 	 0.8043 	 0.1430 	
29100 	 2.6 	 12.80 	 2.2971 	 0.9807 	 0.8594 	0 	 1.4484 	 0.9860 	 0.8946 	1 	 2.0039 	 0.9287 	 0.5596 	2 	 3.3685 	 0.8056 	 0.1475 	
29200 	 2.6 	 11.43 	 2.1914 	 0.9228 	 0.4688 	0 	 1.4434 	 0.9862 	 0.8985 	1 	 1.9988 	 0.9289 	 0.5610 	2 	 3.3560 	 0.8054 	 0.1435 	
29300 	 2.6 	 11.33 	 2.1529 	 0.9351 	 0.5625 	0 	 1.4495 	 0.9861 	 0.8957 	1 	 2.0048 	 0.9297 	 0.5650 	2 	 3.3724 	 0.8061 	 0.1485 	
29400 	 2.6 	 11.54 	 2.1585 	 0.9254 	 0.4922 	0 	 1.4505 	 0.9856 	 0.8918 	1 	 2.0065 	 0.9289 	 0.5605 	2 	 3.3817 	 0.8043 	 0.1425 	
29500 	 2.6 	 11.63 	 2.2648 	 0.8063 	 0.1094 	0 	 1.4491 	 0.9861 	 0.8963 	1 	 2.0033 	 0.9287 	 0.5625 	2 	 3.3714 	 0.8051 	 0.1470 	
29600 	 2.6 	 11.27 	 2.2589 	 0.7764 	 0.0391 	0 	 1.4480 	 0.9859 	 0.8924 	1 	 2.0007 	 0.9290 	 0.5603 	2 	 3.3669 	 0.8057 	 0.1485 	
29700 	 2.6 	 11.18 	 2.2818 	 0.9183 	 0.4375 	0 	 1.4508 	 0.9858 	 0.8940 	1 	 2.0058 	 0.9287 	 0.5625 	2 	 3.3739 	 0.8051 	 0.1460 	
29800 	 2.7 	 11.10 	 2.2427 	 0.9211 	 0.4922 	0 	 1.4476 	 0.9867 	 0.8996 	1 	 2.0031 	 0.9288 	 0.5596 	2 	 3.3701 	 0.8055 	 0.1524 	
29900 	 2.7 	 11.01 	 2.1597 	 0.9239 	 0.5469 	0 	 1.4497 	 0.9866 	 0.9007 	1 	 2.0047 	 0.9288 	 0.5605 	2 	 3.3722 	 0.8058 	 0.1450 	
30000 	 2.7 	 10.99 	 2.2114 	 0.9875 	 0.8984 	0 	 1.4461 	 0.9865 	 0.8974 	1 	 2.0032 	 0.9293 	 0.5639 	2 	 3.3724 	 0.8057 	 0.1490 	
30100 	 2.7 	 10.80 	 2.1361 	 0.9264 	 0.5469 	0 	 1.4461 	 0.9869 	 0.8996 	1 	 2.0003 	 0.9291 	 0.5598 	2 	 3.3713 	 0.8054 	 0.1504 	
30200 	 2.7 	 11.44 	 2.2243 	 0.7775 	 0.1641 	0 	 1.4483 	 0.9862 	 0.8963 	1 	 2.0011 	 0.9280 	 0.5546 	2 	 3.3718 	 0.8030 	 0.1415 	
30300 	 2.7 	 12.06 	 2.2952 	 0.7784 	 0.1016 	0 	 1.4469 	 0.9866 	 0.8979 	1 	 2.0012 	 0.9293 	 0.5610 	2 	 3.3608 	 0.8049 	 0.1514 	
30400 	 2.7 	 11.25 	 2.2156 	 0.9309 	 0.5469 	0 	 1.4471 	 0.9865 	 0.8985 	1 	 2.0020 	 0.9287 	 0.5587 	2 	 3.3620 	 0.8061 	 0.1485 	
30500 	 2.7 	 10.81 	 2.0888 	 0.9821 	 0.8672 	0 	 1.4460 	 0.9866 	 0.8991 	1 	 1.9988 	 0.9290 	 0.5646 	2 	 3.3684 	 0.8075 	 0.1475 	
30600 	 2.7 	 10.96 	 2.1522 	 0.9801 	 0.8438 	0 	 1.4489 	 0.9861 	 0.8940 	1 	 2.0014 	 0.9289 	 0.5639 	2 	 3.3667 	 0.8054 	 0.1470 	
30700 	 2.7 	 11.50 	 2.2560 	 0.9797 	 0.8516 	0 	 1.4501 	 0.9863 	 0.8985 	1 	 2.0045 	 0.9286 	 0.5589 	2 	 3.3729 	 0.8065 	 0.1470 	
30800 	 2.7 	 12.09 	 2.2872 	 0.9874 	 0.9062 	0 	 1.4488 	 0.9856 	 0.8924 	1 	 2.0041 	 0.9291 	 0.5641 	2 	 3.3656 	 0.8061 	 0.1425 	
30900 	 2.8 	 14.08 	 2.3201 	 0.9038 	 0.4297 	0 	 1.4470 	 0.9859 	 0.8918 	1 	 2.0020 	 0.9291 	 0.5623 	2 	 3.3581 	 0.8066 	 0.1465 	
31000 	 2.8 	 14.06 	 2.1876 	 0.9853 	 0.8828 	0 	 1.4460 	 0.9863 	 0.8979 	1 	 2.0027 	 0.9286 	 0.5569 	2 	 3.3654 	 0.8063 	 0.1440 	
31100 	 2.8 	 14.54 	 2.2703 	 0.9232 	 0.5391 	0 	 1.4479 	 0.9866 	 0.8979 	1 	 2.0031 	 0.9292 	 0.5614 	2 	 3.3637 	 0.8066 	 0.1480 	
31200 	 2.8 	 12.29 	 2.1256 	 0.8006 	 0.1328 	0 	 1.4449 	 0.9864 	 0.8968 	1 	 1.9999 	 0.9285 	 0.5605 	2 	 3.3662 	 0.8062 	 0.1450 	
31300 	 2.8 	 11.97 	 2.1671 	 0.9242 	 0.5625 	0 	 1.4478 	 0.9863 	 0.8974 	1 	 2.0040 	 0.9292 	 0.5634 	2 	 3.3725 	 0.8053 	 0.1460 	
31400 	 2.8 	 12.54 	 2.2253 	 0.9213 	 0.5312 	0 	 1.4482 	 0.9863 	 0.8951 	1 	 2.0021 	 0.9289 	 0.5621 	2 	 3.3686 	 0.8059 	 0.1445 	
31500 	 2.8 	 12.71 	 2.2055 	 0.9058 	 0.3984 	0 	 1.4482 	 0.9867 	 0.8996 	1 	 2.0028 	 0.9287 	 0.5582 	2 	 3.3643 	 0.8054 	 0.1435 	
31600 	 2.8 	 15.68 	 2.2255 	 0.9065 	 0.5234 	0 	 1.4449 	 0.9865 	 0.8968 	1 	 1.9983 	 0.9287 	 0.5607 	2 	 3.3547 	 0.8053 	 0.1504 	
31700 	 2.8 	 14.20 	 2.1901 	 0.7885 	 0.1016 	0 	 1.4443 	 0.9866 	 0.8991 	1 	 2.0011 	 0.9283 	 0.5602 	2 	 3.3662 	 0.8051 	 0.1475 	
31800 	 2.8 	 17.17 	 2.3155 	 0.9292 	 0.5703 	0 	 1.4491 	 0.9862 	 0.8968 	1 	 2.0015 	 0.9291 	 0.5644 	2 	 3.3587 	 0.8066 	 0.1519 	
31900 	 2.8 	 11.86 	 2.1525 	 0.9354 	 0.5859 	0 	 1.4453 	 0.9864 	 0.8985 	1 	 1.9975 	 0.9289 	 0.5602 	2 	 3.3637 	 0.8063 	 0.1475 	
32000 	 2.9 	 12.93 	 2.1989 	 0.9056 	 0.4688 	0 	 1.4469 	 0.9862 	 0.8968 	1 	 2.0023 	 0.9289 	 0.5630 	2 	 3.3713 	 0.8064 	 0.1460 	
32100 	 2.9 	 11.99 	 2.2734 	 0.7879 	 0.1094 	0 	 1.4456 	 0.9866 	 0.8985 	1 	 1.9994 	 0.9289 	 0.5646 	2 	 3.3614 	 0.8064 	 0.1529 	
32200 	 2.9 	 11.92 	 2.1445 	 0.9850 	 0.8906 	0 	 1.4443 	 0.9868 	 0.9024 	1 	 1.9988 	 0.9293 	 0.5636 	2 	 3.3574 	 0.8060 	 0.1559 	
32300 	 2.9 	 30.25 	 2.2499 	 0.9236 	 0.5234 	0 	 1.4483 	 0.9861 	 0.8957 	1 	 2.0025 	 0.9286 	 0.5609 	2 	 3.3711 	 0.8063 	 0.1485 	
32400 	 2.9 	 33.91 	 2.2508 	 0.7821 	 0.1094 	0 	 1.4439 	 0.9865 	 0.8985 	1 	 1.9985 	 0.9281 	 0.5575 	2 	 3.3575 	 0.8051 	 0.1420 	
32500 	 2.9 	 34.74 	 2.3039 	 0.9912 	 0.9375 	0 	 1.4461 	 0.9865 	 0.8979 	1 	 2.0005 	 0.9289 	 0.5596 	2 	 3.3583 	 0.8066 	 0.1544 	
32600 	 2.9 	 33.38 	 2.2162 	 0.8003 	 0.0938 	0 	 1.4480 	 0.9868 	 0.9002 	1 	 1.9990 	 0.9289 	 0.5609 	2 	 3.3642 	 0.8063 	 0.1524 	
32700 	 2.9 	 32.71 	 2.2366 	 0.9336 	 0.5625 	0 	 1.4478 	 0.9860 	 0.8951 	1 	 2.0008 	 0.9288 	 0.5591 	2 	 3.3681 	 0.8061 	 0.1470 	
32800 	 2.9 	 32.18 	 2.1511 	 0.9387 	 0.5078 	0 	 1.4485 	 0.9861 	 0.8951 	1 	 2.0019 	 0.9288 	 0.5602 	2 	 3.3710 	 0.8065 	 0.1475 	
32900 	 2.9 	 32.18 	 2.2004 	 0.9312 	 0.5625 	0 	 1.4444 	 0.9866 	 0.8979 	1 	 1.9976 	 0.9283 	 0.5580 	2 	 3.3595 	 0.8061 	 0.1495 	
33000 	 2.9 	 32.68 	 2.2100 	 0.9072 	 0.4531 	0 	 1.4436 	 0.9864 	 0.8979 	1 	 1.9959 	 0.9292 	 0.5609 	2 	 3.3575 	 0.8063 	 0.1490 	
33100 	 3.0 	 33.05 	 2.2099 	 0.9142 	 0.4766 	0 	 1.4457 	 0.9871 	 0.9018 	1 	 1.9978 	 0.9295 	 0.5641 	2 	 3.3672 	 0.8073 	 0.1514 	
33200 	 3.0 	 30.45 	 2.1292 	 0.9150 	 0.5000 	0 	 1.4486 	 0.9862 	 0.8963 	1 	 2.0005 	 0.9286 	 0.5612 	2 	 3.3689 	 0.8054 	 0.1430 	
33300 	 3.0 	 32.85 	 2.2447 	 0.9100 	 0.5000 	0 	 1.4447 	 0.9860 	 0.8974 	1 	 1.9983 	 0.9286 	 0.5596 	2 	 3.3595 	 0.8055 	 0.1425 	
33400 	 3.0 	 34.49 	 2.2731 	 0.9322 	 0.5547 	0 	 1.4447 	 0.9870 	 0.9018 	1 	 1.9964 	 0.9288 	 0.5607 	2 	 3.3549 	 0.8065 	 0.1500 	
33500 	 3.0 	 30.35 	 2.1658 	 0.9164 	 0.5547 	0 	 1.4435 	 0.9866 	 0.8991 	1 	 1.9959 	 0.9295 	 0.5653 	2 	 3.3617 	 0.8065 	 0.1514 	
33600 	 3.0 	 13.03 	 2.1433 	 0.9339 	 0.5391 	0 	 1.4426 	 0.9868 	 0.9018 	1 	 1.9959 	 0.9292 	 0.5609 	2 	 3.3603 	 0.8071 	 0.1490 	
33700 	 3.0 	 12.76 	 2.1927 	 0.8079 	 0.1094 	0 	 1.4432 	 0.9871 	 0.9024 	1 	 1.9958 	 0.9290 	 0.5627 	2 	 3.3571 	 0.8075 	 0.1534 	
33800 	 3.0 	 14.72 	 2.1542 	 0.9358 	 0.5781 	0 	 1.4434 	 0.9863 	 0.8951 	1 	 1.9982 	 0.9292 	 0.5650 	2 	 3.3732 	 0.8063 	 0.1480 	
33900 	 3.0 	 13.74 	 2.2715 	 0.9246 	 0.5078 	0 	 1.4436 	 0.9870 	 0.9030 	1 	 1.9972 	 0.9292 	 0.5650 	2 	 3.3560 	 0.8074 	 0.1559 	
34000 	 3.0 	 13.44 	 2.2486 	 0.7803 	 0.0859 	0 	 1.4436 	 0.9870 	 0.9030 	1 	 1.9970 	 0.9283 	 0.5587 	2 	 3.3615 	 0.8049 	 0.1470 	
34100 	 3.0 	 13.87 	 2.2060 	 0.9354 	 0.5234 	0 	 1.4408 	 0.9871 	 0.9024 	1 	 1.9942 	 0.9290 	 0.5653 	2 	 3.3514 	 0.8081 	 0.1509 	
34200 	 3.0 	 14.15 	 2.1472 	 0.9245 	 0.5391 	0 	 1.4438 	 0.9861 	 0.8957 	1 	 1.9978 	 0.9285 	 0.5600 	2 	 3.3586 	 0.8059 	 0.1440 	
34300 	 3.1 	 14.72 	 2.2303 	 0.9796 	 0.8750 	0 	 1.4443 	 0.9867 	 0.9007 	1 	 1.9962 	 0.9293 	 0.5655 	2 	 3.3535 	 0.8081 	 0.1544 	
34400 	 3.1 	 13.81 	 2.2152 	 0.9877 	 0.9062 	0 	 1.4441 	 0.9863 	 0.8974 	1 	 1.9945 	 0.9288 	 0.5610 	2 	 3.3473 	 0.8062 	 0.1504 	
34500 	 3.1 	 14.63 	 2.1664 	 0.9101 	 0.4922 	0 	 1.4420 	 0.9871 	 0.9013 	1 	 1.9954 	 0.9295 	 0.5636 	2 	 3.3534 	 0.8079 	 0.1500 	
34600 	 3.1 	 13.52 	 2.1011 	 0.9273 	 0.5391 	0 	 1.4452 	 0.9867 	 0.8991 	1 	 1.9967 	 0.9290 	 0.5607 	2 	 3.3528 	 0.8081 	 0.1514 	
34700 	 3.1 	 15.01 	 2.3333 	 0.9136 	 0.5078 	0 	 1.4432 	 0.9863 	 0.8996 	1 	 1.9935 	 0.9288 	 0.5560 	2 	 3.3509 	 0.8077 	 0.1509 	
34800 	 3.1 	 14.08 	 2.1881 	 0.9219 	 0.5547 	0 	 1.4423 	 0.9868 	 0.9007 	1 	 1.9935 	 0.9290 	 0.5612 	2 	 3.3540 	 0.8068 	 0.1490 	
34900 	 3.1 	 14.40 	 2.2203 	 0.9153 	 0.4844 	0 	 1.4426 	 0.9868 	 0.9002 	1 	 1.9960 	 0.9286 	 0.5632 	2 	 3.3648 	 0.8051 	 0.1435 	
35000 	 3.1 	 14.62 	 2.2507 	 0.9771 	 0.8359 	0 	 1.4433 	 0.9868 	 0.9007 	1 	 1.9973 	 0.9294 	 0.5661 	2 	 3.3591 	 0.8078 	 0.1485 	
35100 	 3.1 	 14.75 	 2.2181 	 0.9884 	 0.9141 	0 	 1.4438 	 0.9874 	 0.9035 	1 	 1.9929 	 0.9292 	 0.5641 	2 	 3.3537 	 0.8068 	 0.1445 	
35200 	 3.1 	 16.59 	 2.2293 	 0.9165 	 0.4453 	0 	 1.4443 	 0.9862 	 0.8974 	1 	 1.9933 	 0.9288 	 0.5623 	2 	 3.3487 	 0.8068 	 0.1445 	
